nodenumber,    x-coordinate,    y-coordinate,            c2h6
         1,7.100000000E-001,3.000000000E-001,5.000864267E-001
         2,6.850858620E-001,3.238342004E-001,3.484400440E-005
         3,6.856125011E-001,3.056513156E-001,1.692866681E-005
         4,7.000000000E-001,3.000000000E-001,8.642405737E-005
         5,7.100000000E-001,2.800000000E-001,5.050656796E-001
         6,7.236791771E-001,2.305009119E-001,5.225305259E-002
         7,7.903931993E-001,2.408555716E-001,1.703082025E-001
         8,7.687291603E-001,3.020279623E-001,3.782293499E-001
         9,7.000000000E-001,2.800000000E-001,5.065694451E-003
        10,6.764162816E-001,2.362815490E-001,4.567177893E-005
        11,6.671475470E-001,2.913394410E-001,0.000000000E+000
        12,1.780000000E+000,2.494285714E+000,0.000000000E+000
        13,1.681517864E+000,2.494520771E+000,0.000000000E+000
        14,1.680000000E+000,2.410000000E+000,0.000000000E+000
        15,1.780000000E+000,2.578571429E+000,0.000000000E+000
        16,1.682649631E+000,2.578925679E+000,0.000000000E+000
        17,1.780000000E+000,2.662857143E+000,0.000000000E+000
        18,1.683253420E+000,2.663221486E+000,0.000000000E+000
        19,1.780000000E+000,2.747142857E+000,0.000000000E+000
        20,1.683304013E+000,2.747452798E+000,0.000000000E+000
        21,1.780000000E+000,2.831428571E+000,0.000000000E+000
        22,1.682886328E+000,2.831651215E+000,0.000000000E+000
        23,1.780000000E+000,2.915714286E+000,0.000000000E+000
        24,1.682130642E+000,2.915822261E+000,0.000000000E+000
        25,1.681111111E+000,3.000000000E+000,0.000000000E+000
        26,2.753750000E+000,1.080000000E+000,8.168873191E-002
        27,2.757800583E+000,1.184157553E+000,6.294357032E-002
        28,2.650383590E+000,1.183717388E+000,6.057552248E-002
        29,2.660000000E+000,1.080000000E+000,9.145574272E-002
        30,2.753750000E+000,2.410000000E+000,1.430314151E-004
        31,2.741416988E+000,2.505899641E+000,1.235922828E-004
        32,2.644030787E+000,2.504213767E+000,8.799195348E-005
        33,2.660000000E+000,2.410000000E+000,9.916181443E-005
        34,2.080000000E+000,2.896923077E+000,4.681086648E-005
        35,2.183600715E+000,2.896948020E+000,4.565492054E-005
        36,2.181052632E+000,3.000000000E+000,4.815442662E-005
        37,2.080000000E+000,2.793846154E+000,4.474410161E-005
        38,2.186660160E+000,2.793568969E+000,4.177441224E-005
        39,2.080000000E+000,2.690769231E+000,4.362002437E-005
        40,2.190469218E+000,2.689299070E+000,4.010683188E-005
        41,2.080000000E+000,2.587692308E+000,4.316776540E-005
        42,2.194953111E+000,2.583215536E+000,3.979056783E-005
        43,2.080000000E+000,2.484615385E+000,4.304284448E-005
        44,2.198645940E+000,2.474412107E+000,3.996878877E-005
        45,2.080000000E+000,2.381538461E+000,4.297712076E-005
        46,2.191224313E+000,2.369016531E+000,4.021722634E-005
        47,2.080000000E+000,2.278461539E+000,4.289986464E-005
        48,2.185022393E+000,2.267129089E+000,4.040447675E-005
        49,2.080000000E+000,2.175384615E+000,4.281902875E-005
        50,2.181445824E+000,2.166334234E+000,4.056153921E-005
        51,2.080000000E+000,2.072307692E+000,4.273434388E-005
        52,2.179610975E+000,2.065523334E+000,4.060756328E-005
        53,2.080000000E+000,1.969230769E+000,4.262216680E-005
        54,2.178731126E+000,1.964466470E+000,3.980323527E-005
        55,2.080000000E+000,1.866153846E+000,4.255536624E-005
        56,2.178351504E+000,1.863298984E+000,3.648499478E-005
        57,2.080000000E+000,1.763076923E+000,3.276607094E-005
        58,2.178249395E+000,1.762322300E+000,2.656971810E-005
        59,2.080000000E+000,1.660000000E+000,1.148792489E-005
        60,2.178272577E+000,1.662064844E+000,1.071522183E-005
        61,2.078781499E+000,1.563555617E+000,5.221926926E-007
        62,2.178081724E+000,1.563876940E+000,5.954401786E-006
        63,1.980000000E+000,1.660000000E+000,4.522725527E-010
        64,1.979124271E+000,1.563680529E+000,3.356000478E-010
        65,1.880000000E+000,1.660000000E+000,0.000000000E+000
        66,1.879392702E+000,1.563821318E+000,1.449673985E-013
        67,1.780000000E+000,1.660000000E+000,0.000000000E+000
        68,1.779618311E+000,1.563874084E+000,5.043629891E-017
        69,1.680000000E+000,1.660000000E+000,0.000000000E+000
        70,1.679782640E+000,1.563834717E+000,0.000000000E+000
        71,1.580000000E+000,1.660000000E+000,0.000000000E+000
        72,1.579869171E+000,1.563732311E+000,3.883251622E-026
        73,1.480000000E+000,1.660000000E+000,4.575555991E-028
        74,1.479876414E+000,1.563603606E+000,5.052440243E-026
        75,1.380000000E+000,1.660000000E+000,4.854880833E-028
        76,1.379816948E+000,1.563481873E+000,1.358217874E-026
        77,1.280000000E+000,1.660000000E+000,2.808954379E-029
        78,1.279713967E+000,1.563394229E+000,2.012203324E-027
        79,1.180000000E+000,1.660000000E+000,3.377043396E-031
        80,1.179601731E+000,1.563363030E+000,1.081330340E-028
        81,1.080000000E+000,1.660000000E+000,3.535713739E-031
        82,1.079529783E+000,1.563398102E+000,5.361199149E-029
        83,9.800000000E-001,1.660000000E+000,3.302484611E-031
        84,9.795579064E-001,1.563489052E+000,3.360794096E-029
        85,8.800000000E-001,1.660000000E+000,2.948886506E-031
        86,8.797380029E-001,1.563631490E+000,1.893301983E-029
        87,7.800000000E-001,1.660000000E+000,2.096690482E-031
        88,7.801111495E-001,1.563879361E+000,1.135581334E-029
        89,6.800000000E-001,1.660000000E+000,7.209166382E-032
        90,6.807459911E-001,1.564412059E+000,1.443124435E-029
        91,5.800000000E-001,1.660000000E+000,0.000000000E+000
        92,5.818562237E-001,1.565676399E+000,3.147524438E-029
        93,4.834779748E-001,1.664623905E+000,2.434841886E-031
        94,4.842292519E-001,1.568962833E+000,4.919491931E-029
        95,5.800000000E-001,1.753750000E+000,0.000000000E+000
        96,4.833753413E-001,1.759715382E+000,2.777170837E-034
        97,5.800000000E-001,1.847500000E+000,0.000000000E+000
        98,4.835741590E-001,1.854509307E+000,1.682637942E-036
        99,5.800000000E-001,1.941250000E+000,0.000000000E+000
       100,4.839912204E-001,1.949061242E+000,1.019123876E-038
       101,5.800000000E-001,2.035000000E+000,0.000000000E+000
       102,4.846355171E-001,2.043308161E+000,1.852376440E-041
       103,5.800000000E-001,2.128750000E+000,0.000000000E+000
       104,4.855403833E-001,2.137079634E+000,1.078999818E-043
       105,5.800000000E-001,2.222500000E+000,0.000000000E+000
       106,4.866220792E-001,2.230159242E+000,0.000000000E+000
       107,5.800000000E-001,2.316250000E+000,0.000000000E+000
       108,4.872641311E-001,2.322659572E+000,0.000000000E+000
       109,5.800000000E-001,2.410000000E+000,0.000000000E+000
       110,4.854315502E-001,2.416524385E+000,0.000000000E+000
       111,5.788273687E-001,2.521328204E+000,0.000000000E+000
       112,4.758670859E-001,2.520558960E+000,0.000000000E+000
       113,6.800000000E-001,2.410000000E+000,0.000000000E+000
       114,6.817993399E-001,2.519494449E+000,0.000000000E+000
       115,7.800000000E-001,2.410000000E+000,0.000000000E+000
       116,7.841807523E-001,2.515607363E+000,0.000000000E+000
       117,8.800000000E-001,2.410000000E+000,0.000000000E+000
       118,8.853825655E-001,2.510319475E+000,0.000000000E+000
       119,9.800000000E-001,2.410000000E+000,0.000000000E+000
       120,9.853946441E-001,2.505592407E+000,0.000000000E+000
       121,1.080000000E+000,2.410000000E+000,0.000000000E+000
       122,1.084976013E+000,2.502033567E+000,0.000000000E+000
       123,1.180000000E+000,2.410000000E+000,0.000000000E+000
       124,1.184622710E+000,2.499473175E+000,0.000000000E+000
       125,1.280000000E+000,2.410000000E+000,0.000000000E+000
       126,1.284358891E+000,2.497671812E+000,0.000000000E+000
       127,1.380000000E+000,2.410000000E+000,0.000000000E+000
       128,1.383974927E+000,2.496359460E+000,0.000000000E+000
       129,1.480000000E+000,2.410000000E+000,0.000000000E+000
       130,1.483390220E+000,2.495448343E+000,0.000000000E+000
       131,1.580000000E+000,2.410000000E+000,0.000000000E+000
       132,1.582583142E+000,2.494861175E+000,0.000000000E+000
       133,2.847500000E+000,1.080000000E+000,8.170962334E-002
       134,2.857735765E+000,1.181622316E+000,6.415065378E-002
       135,2.941250000E+000,1.080000000E+000,8.167265356E-002
       136,2.954004855E+000,1.179472868E+000,6.551128626E-002
       137,3.035000000E+000,1.080000000E+000,8.162461966E-002
       138,3.048645501E+000,1.177966436E+000,6.657768786E-002
       139,3.128750000E+000,1.080000000E+000,8.156684786E-002
       140,3.142526594E+000,1.176840111E+000,6.740862876E-002
       141,3.222500000E+000,1.080000000E+000,8.144483715E-002
       142,3.235951876E+000,1.175788434E+000,6.810907274E-002
       143,3.316250000E+000,1.080000000E+000,8.150218427E-002
       144,3.328961254E+000,1.174586895E+000,6.856930256E-002
       145,3.410000000E+000,1.080000000E+000,7.082505524E-002
       146,3.421606820E+000,1.173193169E+000,6.558082998E-002
       147,3.510142887E+000,1.078890560E+000,6.053782254E-002
       148,3.514405317E+000,1.172153181E+000,5.947204307E-002
       149,3.410000000E+000,9.800000000E-001,6.186428294E-002
       150,3.508937577E+000,9.817277156E-001,6.253892183E-002
       151,3.410000000E+000,8.800000000E-001,6.541256607E-002
       152,3.508610329E+000,8.829582219E-001,6.921120733E-002
       153,3.410000000E+000,7.800000000E-001,6.744670123E-002
       154,3.508495233E+000,7.835747007E-001,8.205529302E-002
       155,3.410000000E+000,6.800000000E-001,9.494158626E-002
       156,3.508411191E+000,6.840656191E-001,1.108966544E-001
       157,3.410000000E+000,5.800000000E-001,1.387315094E-001
       158,3.508296886E+000,5.848725287E-001,1.437993646E-001
       159,3.410675073E+000,4.843641699E-001,1.648069918E-001
       160,3.508138013E+000,4.870166869E-001,1.619616747E-001
       161,3.316250000E+000,5.800000000E-001,1.541374177E-001
       162,3.314907066E+000,4.833129451E-001,1.661407351E-001
       163,3.222500000E+000,5.800000000E-001,1.517616808E-001
       164,3.219781525E+000,4.828454334E-001,1.667985767E-001
       165,3.128750000E+000,5.800000000E-001,1.495412141E-001
       166,3.124982324E+000,4.826820460E-001,1.670651287E-001
       167,3.035000000E+000,5.800000000E-001,1.473049521E-001
       168,3.030422532E+000,4.827255533E-001,1.671170145E-001
       169,2.941250000E+000,5.800000000E-001,1.447697133E-001
       170,2.936178497E+000,4.828924369E-001,1.670365483E-001
       171,2.847500000E+000,5.800000000E-001,1.415665150E-001
       172,2.842516810E+000,4.829806726E-001,1.669019312E-001
       173,2.753750000E+000,5.800000000E-001,1.370723546E-001
       174,2.749876187E+000,4.823724716E-001,1.668587625E-001
       175,2.660000000E+000,5.800000000E-001,1.200475022E-001
       176,2.658651652E+000,4.792361368E-001,1.663753390E-001
       177,2.565102288E+000,5.646916777E-001,1.083972231E-001
       178,2.568581600E+000,4.689230628E-001,1.636156291E-001
       179,2.660000000E+000,6.800000000E-001,1.044100672E-001
       180,2.563112987E+000,6.629566658E-001,9.439796209E-002
       181,2.660000000E+000,7.800000000E-001,1.026706696E-001
       182,2.561619289E+000,7.619563550E-001,9.263164550E-002
       183,2.660000000E+000,8.800000000E-001,1.022648513E-001
       184,2.559717597E+000,8.610945098E-001,9.227255732E-002
       185,2.660000000E+000,9.800000000E-001,1.017853990E-001
       186,2.556254263E+000,9.602463267E-001,9.208602458E-002
       187,2.549406486E+000,1.059951984E+000,7.463002950E-002
       188,2.535312758E+000,1.162483078E+000,3.917365894E-002
       189,2.649212114E+000,1.310526273E+000,1.517751254E-002
       190,2.515219091E+000,1.271866797E+000,9.985757060E-003
       191,2.770777700E+000,1.291185440E+000,2.854266763E-002
       192,2.847500000E+000,2.410000000E+000,1.751552772E-004
       193,2.837568736E+000,2.506633191E+000,1.503419626E-004
       194,2.941250000E+000,2.410000000E+000,1.741524320E-004
       195,2.933116361E+000,2.507008421E+000,1.463055669E-004
       196,3.035000000E+000,2.410000000E+000,1.772356190E-004
       197,3.028348573E+000,2.507252463E+000,1.412070706E-004
       198,3.128750000E+000,2.410000000E+000,1.809653622E-004
       199,3.123435872E+000,2.507450086E+000,1.431210840E-004
       200,3.222500000E+000,2.410000000E+000,1.849788532E-004
       201,3.218517121E+000,2.507609878E+000,1.448083785E-004
       202,3.316250000E+000,2.410000000E+000,1.952580351E-004
       203,3.313762287E+000,2.507697351E+000,1.491623989E-004
       204,3.410000000E+000,2.410000000E+000,4.540877417E-004
       205,3.409487231E+000,2.507648200E+000,1.578378433E-004
       206,3.507176008E+000,2.410052052E+000,5.395773915E-004
       207,3.506566449E+000,2.507340758E+000,1.942226372E-004
       208,3.410000000E+000,2.316250000E+000,7.848682581E-004
       209,3.507320175E+000,2.314206538E+000,8.984789602E-004
       210,3.410000000E+000,2.222500000E+000,9.172506980E-004
       211,3.507278485E+000,2.218885876E+000,1.116279047E-003
       212,3.410000000E+000,2.128750000E+000,9.897800628E-004
       213,3.507139276E+000,2.123785062E+000,1.235598931E-003
       214,3.410000000E+000,2.035000000E+000,1.043905853E-003
       215,3.506880963E+000,2.028753286E+000,1.263745711E-003
       216,3.410000000E+000,1.941250000E+000,1.084701042E-003
       217,3.506361989E+000,1.933649123E+000,1.561178593E-003
       218,3.410000000E+000,1.847500000E+000,1.058931462E-003
       219,3.505250696E+000,1.838261062E+000,1.988798613E-003
       220,3.410000000E+000,1.753750000E+000,1.922221389E-003
       221,3.502807811E+000,1.742206673E+000,2.842267277E-003
       222,3.410000000E+000,1.660000000E+000,2.480597701E-003
       223,3.497172721E+000,1.644658680E+000,4.060095642E-003
       224,3.391231317E+000,1.554382819E+000,5.290659145E-003
       225,3.483066692E+000,1.543610905E+000,7.551501971E-003
       226,3.316250000E+000,1.660000000E+000,1.831029076E-003
       227,3.298514324E+000,1.559143877E+000,3.967364784E-003
       228,3.222500000E+000,1.660000000E+000,1.361648669E-003
       229,3.205459638E+000,1.561610966E+000,3.200750099E-003
       230,3.128750000E+000,1.660000000E+000,1.105712727E-003
       231,3.112224431E+000,1.563166712E+000,2.696478507E-003
       232,3.035000000E+000,1.660000000E+000,9.228482959E-004
       233,3.018985328E+000,1.564579755E+000,2.279470908E-003
       234,2.941250000E+000,1.660000000E+000,7.516866317E-004
       235,2.926036077E+000,1.566416397E+000,1.845663413E-003
       236,2.847500000E+000,1.660000000E+000,5.646937643E-004
       237,2.833951303E+000,1.569151312E+000,1.330711646E-003
       238,2.753750000E+000,1.660000000E+000,3.661718220E-004
       239,2.743707453E+000,1.572880904E+000,7.408507518E-004
       240,2.660000000E+000,1.660000000E+000,1.917010377E-004
       241,2.656013274E+000,1.576074220E+000,3.398450208E-004
       242,2.566022305E+000,1.663225593E+000,1.164923087E-004
       243,2.567227055E+000,1.573541921E+000,2.005003771E-004
       244,2.660000000E+000,1.753750000E+000,1.106909476E-004
       245,2.565338889E+000,1.756556447E+000,8.901385445E-005
       246,2.660000000E+000,1.847500000E+000,1.022487413E-004
       247,2.565050864E+000,1.851064172E+000,8.033192717E-005
       248,2.660000000E+000,1.941250000E+000,9.818958642E-005
       249,2.565028508E+000,1.945862405E+000,7.634979556E-005
       250,2.660000000E+000,2.035000000E+000,9.594138101E-005
       251,2.565221082E+000,2.040450422E+000,7.419773465E-005
       252,2.660000000E+000,2.128750000E+000,9.456078260E-005
       253,2.565575482E+000,2.134347371E+000,7.282973820E-005
       254,2.660000000E+000,2.222500000E+000,9.322702681E-005
       255,2.565819268E+000,2.226984270E+000,7.145600102E-005
       256,2.660000000E+000,2.316250000E+000,9.059436707E-005
       257,2.564929062E+000,2.317891050E+000,6.895791739E-005
       258,2.559972687E+000,2.407542664E+000,6.463691534E-005
       259,2.544083267E+000,2.499351099E+000,5.961387797E-005
       260,2.629684454E+000,2.600569854E+000,7.815308345E-005
       261,2.527993174E+000,2.596372273E+000,5.504631190E-005
       262,2.729184668E+000,2.602725313E+000,9.875378601E-005
       263,1.582222222E+000,3.000000000E+000,0.000000000E+000
       264,1.584149939E+000,2.916087151E+000,0.000000000E+000
       265,1.483333333E+000,3.000000000E+000,0.000000000E+000
       266,1.485813779E+000,2.916656593E+000,0.000000000E+000
       267,1.384444444E+000,3.000000000E+000,0.000000000E+000
       268,1.387168402E+000,2.917518048E+000,0.000000000E+000
       269,1.285555556E+000,3.000000000E+000,0.000000000E+000
       270,1.288638965E+000,2.918595919E+000,0.000000000E+000
       271,1.186666667E+000,3.000000000E+000,0.000000000E+000
       272,1.191087119E+000,2.919773674E+000,0.000000000E+000
       273,1.087777778E+000,3.000000000E+000,0.000000000E+000
       274,1.096123087E+000,2.920619102E+000,0.000000000E+000
       275,9.888888889E-001,3.000000000E+000,0.000000000E+000
       276,1.005883487E+000,2.919245669E+000,0.000000000E+000
       277,8.900000000E-001,3.000000000E+000,0.000000000E+000
       278,9.202228872E-001,2.908064124E+000,0.000000000E+000
       279,7.911111111E-001,3.000000000E+000,0.000000000E+000
       280,8.270996967E-001,2.857229693E+000,0.000000000E+000
       281,6.922222222E-001,3.000000000E+000,0.000000000E+000
       282,7.005743464E-001,2.870092388E+000,0.000000000E+000
       283,5.933333333E-001,3.000000000E+000,0.000000000E+000
       284,5.898368955E-001,2.876298388E+000,0.000000000E+000
       285,4.944444444E-001,3.000000000E+000,0.000000000E+000
       286,4.827153235E-001,2.881152954E+000,0.000000000E+000
       287,3.955555556E-001,3.000000000E+000,0.000000000E+000
       288,3.766784646E-001,2.888827348E+000,0.000000000E+000
       289,2.966666667E-001,3.000000000E+000,0.000000000E+000
       290,2.834950926E-001,2.908079059E+000,0.000000000E+000
       291,1.977777778E-001,3.000000000E+000,0.000000000E+000
       292,1.936507975E-001,2.907687920E+000,0.000000000E+000
       293,9.888888889E-002,3.000000000E+000,0.000000000E+000
       294,9.839923630E-002,2.903804398E+000,0.000000000E+000
       295,0.000000000E+000,2.900000000E+000,0.000000000E+000
       296,6.800000000E-001,1.080000000E+000,1.585688775E-021
       297,6.809495488E-001,1.177523665E+000,1.268839625E-021
       298,5.824739765E-001,1.178167125E+000,1.253616452E-021
       299,5.800000000E-001,1.080000000E+000,7.924529613E-022
       300,1.000000000E-001,0.000000000E+000,3.691793411E-019
       301,1.020461735E-001,9.799602415E-002,1.511068113E-022
       302,0.000000000E+000,1.000000000E-001,0.000000000E+000
       303,2.000000000E-001,0.000000000E+000,2.493777758E-016
       304,2.045063614E-001,9.578577070E-002,6.111728646E-020
       305,3.000000000E-001,0.000000000E+000,6.245233742E-016
       306,3.073687170E-001,9.341279887E-002,1.060608202E-016
       307,4.000000000E-001,0.000000000E+000,3.755147195E-016
       308,4.107373747E-001,9.168970928E-002,3.889662369E-014
       309,5.000000000E-001,0.000000000E+000,3.255403724E-010
       310,5.181662852E-001,9.389206832E-002,1.730339483E-010
       311,6.000000000E-001,0.000000000E+000,6.236301033E-006
       312,6.187048753E-001,8.742172330E-002,1.324336267E-007
       313,7.000000000E-001,0.000000000E+000,2.037989361E-005
       314,7.101412574E-001,8.349307336E-002,1.020392287E-003
       315,8.000000000E-001,0.000000000E+000,8.947932511E-004
       316,8.007852047E-001,8.480154097E-002,7.598138414E-003
       317,9.000000000E-001,0.000000000E+000,2.991988556E-003
       318,8.947023068E-001,8.966310871E-002,1.808346435E-002
       319,1.000000000E+000,0.000000000E+000,5.130736157E-003
       320,9.927946641E-001,9.346341984E-002,2.545286343E-002
       321,1.100000000E+000,0.000000000E+000,6.520508789E-003
       322,1.092731278E+000,9.581156373E-002,2.944231406E-002
       323,1.200000000E+000,0.000000000E+000,7.190091070E-003
       324,1.193321047E+000,9.697427373E-002,3.126952797E-002
       325,1.300000000E+000,0.000000000E+000,7.393100765E-003
       326,1.294018303E+000,9.744372817E-002,3.184019029E-002
       327,1.400000000E+000,0.000000000E+000,7.414386142E-003
       328,1.394614629E+000,9.759949179E-002,3.187316284E-002
       329,1.500000000E+000,0.000000000E+000,7.426108234E-003
       330,1.495068137E+000,9.765941128E-002,3.179180622E-002
       331,1.600000000E+000,0.000000000E+000,7.437148131E-003
       332,1.595386099E+000,9.772116305E-002,3.166539595E-002
       333,1.700000000E+000,0.000000000E+000,7.447983604E-003
       334,1.695591436E+000,9.784171659E-002,3.151316941E-002
       335,1.800000000E+000,0.000000000E+000,7.458582520E-003
       336,1.795711494E+000,9.808661527E-002,3.135352954E-002
       337,1.900000000E+000,0.000000000E+000,7.468799129E-003
       338,1.895774717E+000,9.856250894E-002,3.120719828E-002
       339,2.000000000E+000,0.000000000E+000,7.478398271E-003
       340,1.995832442E+000,9.943788191E-002,3.109370545E-002
       341,2.100000000E+000,0.000000000E+000,7.488190662E-003
       342,2.096019652E+000,1.009421747E-001,3.120087646E-002
       343,2.200000000E+000,0.000000000E+000,7.550173439E-003
       344,2.196644079E+000,1.033271463E-001,3.182137385E-002
       345,2.300000000E+000,0.000000000E+000,7.704258431E-003
       346,2.298313050E+000,1.067826515E-001,3.314416483E-002
       347,2.400000000E+000,0.000000000E+000,7.821861655E-003
       348,2.402010330E+000,1.112058946E-001,3.524981067E-002
       349,2.500000000E+000,0.000000000E+000,7.792281453E-003
       350,2.508600902E+000,1.150477881E-001,3.596971929E-002
       351,2.600000000E+000,0.000000000E+000,7.757614367E-003
       352,2.611935691E+000,1.081580767E-001,3.522668779E-002
       353,2.700000000E+000,0.000000000E+000,7.796507329E-003
       354,2.711603999E+000,1.024040128E-001,3.434427083E-002
       355,2.800000000E+000,0.000000000E+000,7.836930454E-003
       356,2.810018588E+000,9.907023158E-002,3.303416073E-002
       357,2.900000000E+000,0.000000000E+000,7.865681313E-003
       358,2.908317563E+000,9.734130706E-002,3.201827779E-002
       359,3.000000000E+000,0.000000000E+000,7.887491025E-003
       360,3.006808593E+000,9.651525301E-002,3.124068864E-002
       361,3.100000000E+000,0.000000000E+000,7.906227373E-003
       362,3.105515835E+000,9.618791281E-002,3.054982051E-002
       363,3.200000000E+000,0.000000000E+000,7.923671976E-003
       364,3.204414594E+000,9.615446480E-002,2.981765196E-002
       365,3.300000000E+000,0.000000000E+000,7.940538228E-003
       366,3.303489486E+000,9.632009670E-002,2.894337662E-002
       367,3.400000000E+000,0.000000000E+000,7.957101800E-003
       368,3.402730168E+000,9.664606789E-002,2.785404213E-002
       369,3.500000000E+000,0.000000000E+000,7.973511703E-003
       370,3.502116257E+000,9.711039250E-002,2.652642317E-002
       371,3.600000000E+000,0.000000000E+000,7.989997044E-003
       372,3.601609344E+000,9.767585945E-002,2.502877265E-002
       373,3.700000000E+000,0.000000000E+000,8.008884266E-003
       374,3.701168960E+000,9.828841402E-002,2.357723191E-002
       375,3.800000000E+000,0.000000000E+000,8.023293689E-003
       376,3.800767209E+000,9.889227800E-002,2.271024510E-002
       377,3.900000000E+000,0.000000000E+000,1.083585527E-002
       378,3.900381304E+000,9.946409960E-002,2.452299185E-002
       379,4.000000000E+000,1.000000000E-001,2.651404403E-002
       380,7.800000000E-001,1.080000000E+000,1.586415285E-021
       381,7.801757159E-001,1.177155866E+000,1.269168498E-021
       382,8.800000000E-001,1.080000000E+000,1.586299669E-021
       383,8.797830562E-001,1.176937909E+000,1.267247262E-021
       384,9.800000000E-001,1.080000000E+000,1.586179611E-021
       385,9.796205748E-001,1.176810907E+000,1.266039005E-021
       386,1.080000000E+000,1.080000000E+000,1.586056523E-021
       387,1.079603603E+000,1.176754178E+000,1.265132559E-021
       388,1.180000000E+000,1.080000000E+000,1.585931215E-021
       389,1.179668475E+000,1.176763145E+000,1.264992205E-021
       390,1.280000000E+000,1.080000000E+000,1.585803583E-021
       391,1.279760866E+000,1.176831926E+000,1.265629756E-021
       392,1.380000000E+000,1.080000000E+000,1.585737647E-021
       393,1.379835142E+000,1.176944148E+000,1.266755719E-021
       394,1.480000000E+000,1.080000000E+000,1.584568164E-021
       395,1.479857236E+000,1.177071754E+000,1.268408061E-021
       396,1.580000000E+000,1.080000000E+000,7.916999967E-022
       397,1.579806999E+000,1.177180650E+000,1.283772699E-021
       398,1.680000000E+000,1.080000000E+000,0.000000000E+000
       399,1.679679214E+000,1.177242211E+000,1.495937940E-018
       400,1.780000000E+000,1.080000000E+000,0.000000000E+000
       401,1.779468086E+000,1.177235680E+000,6.859329558E-015
       402,1.880000000E+000,1.080000000E+000,0.000000000E+000
       403,1.879110761E+000,1.177141273E+000,1.670035638E-010
       404,1.980000000E+000,1.080000000E+000,1.895134483E-005
       405,1.978316249E+000,1.176929657E+000,5.037089181E-007
       406,2.080000000E+000,1.080000000E+000,3.965697810E-002
       407,2.076040960E+000,1.176581330E+000,1.652292674E-003
       408,2.169571093E+000,1.084039942E+000,4.232240841E-002
       409,2.168723032E+000,1.176317008E+000,4.841986578E-003
       410,2.080000000E+000,9.800000000E-001,8.007556200E-002
       411,2.171510233E+000,9.892217059E-001,7.960369438E-002
       412,2.080000000E+000,8.800000000E-001,8.079914749E-002
       413,2.173221351E+000,8.922254732E-001,8.067721128E-002
       414,2.080000000E+000,7.800000000E-001,8.072773367E-002
       415,2.174502681E+000,7.939791930E-001,8.035001904E-002
       416,2.080000000E+000,6.800000000E-001,8.031425625E-002
       417,2.175641120E+000,6.953145937E-001,8.041746914E-002
       418,2.080000000E+000,5.800000000E-001,7.187110186E-002
       419,2.177088350E+000,5.971189348E-001,7.324074209E-002
       420,2.081399967E+000,4.913026912E-001,9.136338532E-002
       421,2.179556702E+000,5.018902990E-001,9.128319472E-002
       422,1.980000000E+000,5.800000000E-001,6.342565268E-002
       423,1.981989922E+000,4.873575204E-001,9.138662368E-002
       424,1.880000000E+000,5.800000000E-001,6.141109765E-002
       425,1.882180889E+000,4.856525132E-001,9.023702145E-002
       426,1.780000000E+000,5.800000000E-001,5.748916417E-002
       427,1.782193467E+000,4.848722964E-001,8.737163991E-002
       428,1.680000000E+000,5.800000000E-001,5.228761956E-002
       429,1.682082700E+000,4.845137248E-001,8.342361450E-002
       430,1.580000000E+000,5.800000000E-001,4.613156617E-002
       431,1.581846441E+000,4.843642951E-001,7.878785580E-002
       432,1.480000000E+000,5.800000000E-001,3.941240162E-002
       433,1.481469377E+000,4.843261528E-001,7.384662330E-002
       434,1.380000000E+000,5.800000000E-001,3.291606903E-002
       435,1.380934112E+000,4.843587103E-001,6.918981671E-002
       436,1.280000000E+000,5.800000000E-001,2.813431621E-002
       437,1.280136211E+000,4.843587931E-001,6.587132812E-002
       438,1.180000000E+000,5.800000000E-001,2.636847273E-002
       439,1.178936081E+000,4.840061105E-001,6.469459087E-002
       440,1.080000000E+000,5.800000000E-001,2.629713714E-002
       441,1.077085552E+000,4.829519927E-001,6.479122490E-002
       442,9.800000000E-001,5.800000000E-001,2.618438751E-002
       443,9.740319153E-001,4.812218693E-001,6.434386224E-002
       444,8.800000000E-001,5.800000000E-001,2.630117908E-002
       445,8.696279090E-001,4.808975162E-001,6.584168971E-002
       446,7.800000000E-001,5.800000000E-001,1.325139962E-002
       447,7.745482960E-001,4.937057016E-001,2.915203944E-002
       448,6.800000000E-001,5.800000000E-001,1.340274594E-005
       449,6.864445019E-001,5.026828209E-001,9.686459634E-006
       450,5.800000000E-001,5.800000000E-001,1.340276776E-005
       451,5.996911320E-001,5.046234203E-001,8.500803395E-010
       452,4.987689913E-001,5.878139860E-001,7.199471574E-010
       453,5.153813151E-001,5.030273991E-001,9.261483247E-010
       454,5.800000000E-001,6.800000000E-001,2.204991224E-011
       455,4.915778557E-001,6.833838001E-001,2.284450840E-013
       456,5.800000000E-001,7.800000000E-001,0.000000000E+000
       457,4.880958533E-001,7.819233254E-001,2.346975566E-016
       458,5.800000000E-001,8.800000000E-001,0.000000000E+000
       459,4.863611083E-001,8.814548407E-001,4.057952922E-019
       460,5.800000000E-001,9.800000000E-001,0.000000000E+000
       461,4.855131578E-001,9.812228871E-001,1.284953026E-020
       462,4.852427443E-001,1.080787694E+000,3.810945078E-021
       463,4.857441751E-001,1.179562675E+000,1.594371749E-021
       464,5.832097558E-001,1.275959045E+000,5.218886150E-022
       465,4.858559497E-001,1.277801636E+000,4.295017191E-022
       466,6.814300629E-001,1.274843640E+000,5.431753891E-022
       467,0.000000000E+000,2.800000000E+000,0.000000000E+000
       468,1.009131813E-001,2.807549919E+000,0.000000000E+000
       469,0.000000000E+000,2.700000000E+000,0.000000000E+000
       470,1.094749424E-001,2.707911376E+000,0.000000000E+000
       471,0.000000000E+000,2.600000000E+000,0.000000000E+000
       472,1.162692808E-001,2.601707333E+000,0.000000000E+000
       473,0.000000000E+000,2.500000000E+000,0.000000000E+000
       474,1.201226554E-001,2.491497110E+000,0.000000000E+000
       475,0.000000000E+000,2.400000000E+000,0.000000000E+000
       476,1.124167223E-001,2.385656139E+000,0.000000000E+000
       477,0.000000000E+000,2.300000000E+000,0.000000000E+000
       478,1.057292298E-001,2.284660898E+000,0.000000000E+000
       479,0.000000000E+000,2.200000000E+000,0.000000000E+000
       480,1.015842242E-001,2.185652933E+000,5.605193857E-045
       481,0.000000000E+000,2.100000000E+000,0.000000000E+000
       482,9.919751181E-002,2.087139562E+000,4.287973301E-043
       483,0.000000000E+000,2.000000000E+000,0.000000000E+000
       484,9.783603061E-002,1.988589999E+000,1.488417190E-040
       485,0.000000000E+000,1.900000000E+000,0.000000000E+000
       486,9.706964278E-002,1.889871827E+000,5.452760610E-040
       487,0.000000000E+000,1.800000000E+000,0.000000000E+000
       488,9.668040221E-002,1.790976510E+000,2.350110480E-037
       489,0.000000000E+000,1.700000000E+000,0.000000000E+000
       490,9.656326062E-002,1.691919957E+000,6.137059133E-035
       491,0.000000000E+000,1.600000000E+000,0.000000000E+000
       492,9.665270311E-002,1.592716398E+000,5.998215228E-034
       493,0.000000000E+000,1.500000000E+000,0.000000000E+000
       494,9.688127348E-002,1.493374204E+000,5.564281268E-032
       495,0.000000000E+000,1.400000000E+000,0.000000000E+000
       496,9.717598480E-002,1.393893745E+000,1.743776092E-030
       497,0.000000000E+000,1.300000000E+000,0.000000000E+000
       498,9.747922021E-002,1.294262137E+000,2.454676406E-029
       499,0.000000000E+000,1.200000000E+000,0.000000000E+000
       500,9.777452722E-002,1.194466759E+000,2.624644569E-028
       501,0.000000000E+000,1.100000000E+000,0.000000000E+000
       502,9.809715998E-002,1.094512691E+000,2.783553097E-027
       503,0.000000000E+000,1.000000000E+000,0.000000000E+000
       504,9.853258618E-002,9.944385187E-001,3.683830975E-026
       505,0.000000000E+000,9.000000000E-001,0.000000000E+000
       506,9.919411315E-002,8.943323324E-001,2.264919844E-024
       507,0.000000000E+000,8.000000000E-001,0.000000000E+000
       508,1.002123956E-001,7.942997410E-001,2.769681566E-024
       509,0.000000000E+000,7.000000000E-001,0.000000000E+000
       510,1.017318555E-001,6.943946452E-001,3.001281015E-022
       511,0.000000000E+000,6.000000000E-001,0.000000000E+000
       512,1.038440538E-001,5.945326182E-001,3.073305152E-022
       513,0.000000000E+000,5.000000000E-001,0.000000000E+000
       514,1.063183367E-001,4.943610309E-001,0.000000000E+000
       515,0.000000000E+000,4.000000000E-001,0.000000000E+000
       516,1.081195811E-001,3.940394957E-001,0.000000000E+000
       517,0.000000000E+000,3.000000000E-001,0.000000000E+000
       518,1.067691814E-001,2.945171871E-001,0.000000000E+000
       519,0.000000000E+000,2.000000000E-001,0.000000000E+000
       520,1.045316648E-001,1.960092639E-001,2.943063160E-026
       521,4.000000000E+000,2.000000000E-001,5.468452349E-002
       522,3.900739414E+000,1.989543895E-001,5.409853160E-002
       523,4.000000000E+000,3.000000000E-001,8.284153044E-002
       524,3.901048194E+000,2.985072963E-001,8.379824460E-002
       525,4.000000000E+000,4.000000000E-001,1.071675047E-001
       526,3.901298363E+000,3.981382180E-001,1.105235890E-001
       527,4.000000000E+000,5.000000000E-001,1.252128333E-001
       528,3.901489839E+000,4.978410418E-001,1.302125603E-001
       529,4.000000000E+000,6.000000000E-001,1.346229166E-001
       530,3.901627910E+000,5.976044039E-001,1.391080320E-001
       531,4.000000000E+000,7.000000000E-001,1.385804564E-001
       532,3.901716830E+000,6.974121998E-001,1.415419132E-001
       533,4.000000000E+000,8.000000000E-001,1.399639547E-001
       534,3.901740934E+000,7.972375074E-001,1.413525939E-001
       535,4.000000000E+000,9.000000000E-001,1.400716901E-001
       536,3.901637601E+000,8.970412097E-001,1.401759237E-001
       537,4.000000000E+000,1.000000000E+000,1.393270344E-001
       538,3.901270458E+000,9.967856720E-001,1.382593364E-001
       539,4.000000000E+000,1.100000000E+000,1.379434764E-001
       540,3.900414292E+000,1.096504797E+000,1.359478235E-001
       541,4.000000000E+000,1.200000000E+000,1.360995620E-001
       542,3.898797724E+000,1.196438946E+000,1.335598379E-001
       543,4.000000000E+000,1.300000000E+000,1.262875795E-001
       544,3.896369226E+000,1.297161879E+000,1.171971187E-001
       545,4.000000000E+000,1.400000000E+000,1.011848897E-001
       546,3.894090856E+000,1.399362090E+000,8.385735750E-002
       547,4.000000000E+000,1.500000000E+000,7.080302387E-002
       548,3.894738761E+000,1.502452019E+000,5.395123735E-002
       549,4.000000000E+000,1.600000000E+000,4.855511710E-002
       550,3.896363137E+000,1.604627475E+000,3.591999784E-002
       551,4.000000000E+000,1.700000000E+000,3.560798615E-002
       552,3.897882868E+000,1.705662346E+000,2.618039027E-002
       553,4.000000000E+000,1.800000000E+000,2.785415761E-002
       554,3.898993498E+000,1.805846705E+000,2.053823508E-002
       555,4.000000000E+000,1.900000000E+000,2.274440601E-002
       556,3.899722293E+000,1.905511657E+000,1.689024828E-002
       557,4.000000000E+000,2.000000000E+000,1.906804368E-002
       558,3.900186426E+000,2.004909167E+000,1.429579593E-002
       559,4.000000000E+000,2.100000000E+000,1.624768414E-002
       560,3.900497151E+000,2.104204578E+000,1.232475042E-002
       561,4.000000000E+000,2.200000000E+000,1.398898195E-002
       562,3.900720454E+000,2.203494733E+000,1.077512652E-002
       563,4.000000000E+000,2.300000000E+000,1.212464832E-002
       564,3.900866826E+000,2.302829028E+000,9.493080899E-003
       565,4.000000000E+000,2.400000000E+000,1.056959108E-002
       566,3.900910070E+000,2.402230000E+000,8.452928625E-003
       567,4.000000000E+000,2.500000000E+000,9.174051695E-003
       568,3.900820461E+000,2.501706510E+000,7.408160251E-003
       569,4.000000000E+000,2.600000000E+000,6.427693181E-003
       570,3.900592259E+000,2.601256740E+000,4.521605559E-003
       571,4.000000000E+000,2.700000000E+000,2.225309843E-003
       572,3.900250788E+000,2.700873680E+000,1.156392507E-003
       573,4.000000000E+000,2.800000000E+000,7.759731670E-005
       574,3.899838114E+000,2.800547833E+000,7.804838242E-005
       575,4.000000000E+000,2.900000000E+000,7.154513150E-005
       576,3.899393746E+000,2.900261921E+000,7.193752390E-005
       577,3.898947368E+000,3.000000000E+000,6.898459105E-005
       578,3.797894737E+000,3.000000000E+000,6.901243614E-005
       579,3.798820739E+000,2.900514811E+000,7.261725113E-005
       580,3.696842105E+000,3.000000000E+000,6.903587928E-005
       581,3.698320426E+000,2.900743324E+000,7.315420225E-005
       582,3.595789474E+000,3.000000000E+000,6.905641203E-005
       583,3.597923361E+000,2.900916428E+000,7.360795280E-005
       584,3.494736842E+000,3.000000000E+000,6.907480565E-005
       585,3.497658092E+000,2.901008442E+000,7.399981405E-005
       586,3.393684211E+000,3.000000000E+000,6.909159856E-005
       587,3.397536377E+000,2.901011398E+000,7.432978600E-005
       588,3.292631579E+000,3.000000000E+000,6.910728553E-005
       589,3.297543521E+000,2.900938081E+000,7.458856999E-005
       590,3.191578947E+000,3.000000000E+000,6.912236131E-005
       591,3.197632874E+000,2.900813224E+000,7.475903840E-005
       592,3.090526316E+000,3.000000000E+000,6.910975208E-005
       593,3.097730364E+000,2.900660915E+000,7.481587090E-005
       594,2.989473684E+000,3.000000000E+000,6.890513760E-005
       595,2.997741054E+000,2.900491935E+000,7.455212472E-005
       596,2.888421053E+000,3.000000000E+000,6.828652840E-005
       597,2.897558575E+000,2.900298316E+000,7.362645556E-005
       598,2.787368421E+000,3.000000000E+000,6.703200052E-005
       599,2.797076569E+000,2.900053972E+000,7.161963731E-005
       600,2.686315790E+000,3.000000000E+000,6.475883856E-005
       601,2.696196336E+000,2.899710085E+000,6.797113019E-005
       602,2.585263158E+000,3.000000000E+000,6.040385051E-005
       603,2.594830796E+000,2.899205720E+000,6.180732453E-005
       604,2.484210526E+000,3.000000000E+000,5.292862625E-005
       605,2.492906359E+000,2.898517789E+000,5.097698158E-005
       606,2.383157895E+000,3.000000000E+000,4.832712511E-005
       607,2.390367653E+000,2.897744460E+000,4.324292968E-005
       608,2.282105263E+000,3.000000000E+000,4.825043652E-005
       609,2.287208694E+000,2.897152307E+000,4.351094685E-005
       610,7.191427586E-001,1.624416792E-001,1.559924614E-002
       611,7.988789000E-001,1.665938483E-001,5.135617405E-002
       612,6.427068354E-001,1.699378874E-001,4.557839020E-006
       613,6.447009861E-001,3.222940569E-001,0.000000000E+000
       614,5.870187157E-001,3.031055648E-001,0.000000000E+000
       615,6.254321030E-001,2.587463757E-001,0.000000000E+000
       616,1.584609909E+000,2.579529390E+000,0.000000000E+000
       617,1.585708867E+000,2.663959259E+000,0.000000000E+000
       618,1.585840826E+000,2.748183819E+000,0.000000000E+000
       619,1.585215277E+000,2.832237873E+000,0.000000000E+000
       620,2.293276223E+000,2.793804855E+000,3.635438770E-005
       621,2.301200732E+000,2.688889860E+000,3.381529677E-005
       622,2.312606449E+000,2.579703634E+000,3.359017137E-005
       623,2.333044769E+000,2.456295574E+000,3.250892405E-005
       624,2.299903479E+000,2.350841046E+000,3.338434180E-005
       625,2.286919784E+000,2.253524866E+000,3.375524830E-005
       626,2.280939057E+000,2.156450527E+000,3.369204933E-005
       627,2.278072608E+000,2.058376561E+000,3.335652946E-005
       628,2.276730497E+000,1.959487300E+000,3.182451474E-005
       629,2.276204746E+000,1.860236216E+000,2.724004480E-005
       630,2.276207399E+000,1.761078077E+000,2.078422585E-005
       631,2.276641067E+000,1.662379142E+000,1.645907651E-005
       632,2.277416660E+000,1.564216914E+000,3.256816854E-005
       633,2.177793176E+000,1.465882954E+000,2.699738434E-005
       634,2.278286401E+000,1.465396541E+000,1.227200555E-004
       635,2.078071087E+000,1.466521059E+000,3.139434966E-006
       636,1.978522602E+000,1.467049067E+000,1.819125961E-009
       637,1.878963763E+000,1.467373293E+000,7.258454363E-013
       638,1.779332531E+000,1.467497072E+000,2.215125094E-016
       639,1.679596423E+000,1.467460919E+000,3.661252610E-020
       640,1.579737781E+000,1.467319657E+000,1.358908953E-024
       641,1.479757030E+000,1.467130440E+000,2.008818123E-024
       642,1.379673723E+000,1.466945721E+000,8.952486591E-025
       643,1.279525477E+000,1.466810718E+000,3.091151704E-025
       644,1.179369580E+000,1.466760168E+000,1.088365383E-025
       645,1.079284659E+000,1.466806652E+000,8.587064033E-026
       646,9.793593055E-001,1.466940770E+000,7.285715942E-026
       647,8.796721180E-001,1.467168432E+000,6.026107839E-026
       648,7.802894107E-001,1.467567962E+000,4.782961352E-026
       649,6.812930187E-001,1.468343096E+000,3.544769281E-026
       650,5.828206010E-001,1.469858717E+000,2.313991116E-026
       651,4.850517478E-001,1.472608820E+000,1.148258307E-026
       652,3.871076344E-001,1.573698157E+000,3.950066367E-029
       653,3.877023050E-001,1.476504448E+000,3.076606449E-027
       654,3.867339109E-001,1.670331819E+000,1.163962163E-031
       655,3.867813175E-001,1.766487181E+000,1.838767038E-034
       656,3.872117086E-001,1.862255299E+000,1.834229647E-036
       657,3.880438451E-001,1.957615550E+000,6.046726188E-039
       658,3.893979815E-001,2.052388081E+000,2.330779736E-041
       659,3.914510145E-001,2.146156775E+000,1.877739942E-043
       660,3.943229907E-001,2.238166159E+000,0.000000000E+000
       661,3.973585774E-001,2.327318207E+000,0.000000000E+000
       662,3.968132529E-001,2.413533234E+000,0.000000000E+000
       663,3.706544602E-001,2.509636905E+000,0.000000000E+000
       664,4.686667673E-001,2.635874628E+000,0.000000000E+000
       665,3.535431085E-001,2.629037041E+000,0.000000000E+000
       666,5.783975483E-001,2.635499636E+000,0.000000000E+000
       667,6.855877580E-001,2.630807425E+000,0.000000000E+000
       668,7.910979581E-001,2.621772584E+000,0.000000000E+000
       669,8.931339061E-001,2.608818189E+000,0.000000000E+000
       670,9.919002432E-001,2.598808355E+000,0.000000000E+000
       671,1.090004259E+000,2.592021786E+000,0.000000000E+000
       672,1.188644985E+000,2.587388833E+000,0.000000000E+000
       673,1.287799338E+000,2.584315412E+000,0.000000000E+000
       674,1.386911006E+000,2.582076137E+000,0.000000000E+000
       675,1.485819850E+000,2.580535891E+000,0.000000000E+000
       676,3.801482584E+000,1.978328426E-001,5.465094373E-002
       677,3.802105668E+000,2.968912753E-001,8.748195320E-002
       678,3.802610155E+000,3.961017196E-001,1.184756905E-001
       679,3.802986695E+000,4.954499266E-001,1.401831359E-001
       680,3.803243863E+000,5.949267175E-001,1.464996487E-001
       681,3.803399840E+000,6.945115321E-001,1.448349804E-001
       682,3.803436392E+000,7.941282917E-001,1.409220099E-001
       683,3.803254844E+000,8.936571287E-001,1.371501386E-001
       684,3.802620962E+000,9.929649529E-001,1.322275400E-001
       685,3.801078848E+000,1.092018604E+000,1.281646341E-001
       686,3.797847846E+000,1.191180362E+000,1.251146495E-001
       687,3.791965011E+000,1.291811764E+000,9.520564973E-002
       688,3.784291824E+000,1.396878392E+000,4.990742356E-002
       689,3.787960858E+000,1.505406915E+000,2.769438550E-002
       690,3.792637327E+000,1.610286879E+000,1.772216707E-002
       691,3.796202836E+000,1.712256087E+000,1.297540031E-002
       692,3.798541343E+000,1.812436759E+000,1.037278213E-002
       693,3.799974647E+000,1.911617660E+000,8.735478856E-003
       694,3.800841293E+000,2.010298798E+000,7.602232974E-003
       695,3.801388766E+000,2.108785704E+000,6.737583783E-003
       696,3.801750216E+000,2.207258208E+000,6.155962590E-003
       697,3.801956267E+000,2.305820474E+000,5.615169648E-003
       698,3.801973454E+000,2.404535978E+000,4.475766793E-003
       699,3.801754370E+000,2.503438673E+000,3.425999777E-003
       700,3.801283078E+000,2.602518336E+000,1.633825246E-003
       701,3.800593673E+000,2.701744393E+000,8.676693687E-005
       702,3.799752180E+000,2.801091040E+000,7.936872862E-005
       703,1.487249520E+000,2.833232024E+000,0.000000000E+000
       704,1.388748237E+000,2.834722216E+000,0.000000000E+000
       705,1.290476605E+000,2.836682762E+000,0.000000000E+000
       706,1.193718485E+000,2.839126398E+000,0.000000000E+000
       707,1.101157297E+000,2.841964027E+000,0.000000000E+000
       708,1.018002711E+000,2.844996360E+000,0.000000000E+000
       709,9.546731813E-001,2.846743915E+000,0.000000000E+000
       710,9.241944799E-001,2.789255909E+000,0.000000000E+000
       711,5.819225360E-001,2.754391734E+000,0.000000000E+000
       712,6.927635021E-001,2.746476823E+000,0.000000000E+000
       713,4.678895737E-001,2.759457529E+000,0.000000000E+000
       714,3.386115395E-001,2.766539384E+000,0.000000000E+000
       715,2.686214192E-001,2.834822362E+000,0.000000000E+000
       716,1.949541616E-001,2.818804831E+000,0.000000000E+000
       717,2.199992033E-001,2.724040064E+000,0.000000000E+000
       718,2.363383958E-001,2.607929728E+000,0.000000000E+000
       719,2.561957102E-001,2.474621132E+000,0.000000000E+000
       720,2.217241506E-001,2.365068792E+000,0.000000000E+000
       721,2.078399002E-001,2.267210585E+000,0.000000000E+000
       722,2.009641250E-001,2.170982633E+000,2.242077543E-044
       723,1.972757094E-001,2.074492253E+000,6.067622351E-042
       724,1.951972522E-001,1.977484102E+000,4.989365221E-040
       725,1.940292915E-001,1.880033804E+000,4.226301875E-038
       726,1.934357330E-001,1.782234756E+000,2.882789406E-035
       727,1.932599358E-001,1.684139082E+000,1.209562794E-034
       728,1.934090985E-001,1.585765471E+000,5.607406041E-032
       729,1.937801446E-001,1.487120472E+000,1.503648137E-029
       730,1.942583987E-001,1.388207962E+000,3.205406577E-028
       731,1.947511609E-001,1.289007535E+000,3.826683362E-027
       732,1.952371005E-001,1.189514787E+000,2.956466400E-026
       733,1.957839251E-001,1.089748027E+000,2.168675510E-025
       734,1.965565256E-001,9.897741615E-001,2.323232837E-024
       735,1.977839827E-001,8.897331541E-001,1.546906505E-022
       736,1.997783230E-001,7.897905785E-001,9.535038754E-022
       737,2.029673717E-001,6.900408480E-001,3.242895159E-019
       738,2.078486457E-001,5.903843039E-001,9.418792340E-019
       739,2.144566844E-001,4.894625085E-001,6.556213890E-019
       740,2.099065610E-001,1.914597209E-001,0.000000000E+000
       741,2.155717742E-001,2.878649772E-001,0.000000000E+000
       742,3.158543163E-001,1.859620934E-001,0.000000000E+000
       743,4.209679501E-001,1.808553686E-001,0.000000000E+000
       744,5.455385657E-001,1.944812135E-001,0.000000000E+000
       745,8.882515013E-001,1.777223402E-001,8.196706325E-002
       746,9.857072963E-001,1.861768997E-001,9.491797537E-002
       747,1.086187967E+000,1.910928370E-001,1.014800966E-001
       748,1.187450661E+000,1.935076497E-001,1.043738574E-001
       749,1.288733204E+000,1.944966005E-001,1.052463502E-001
       750,1.389788955E+000,1.948205748E-001,1.051909626E-001
       751,1.490575410E+000,1.949333836E-001,1.047897041E-001
       752,1.591125976E+000,1.950496262E-001,1.041988581E-001
       753,1.691480975E+000,1.952840709E-001,1.035204083E-001
       754,1.791682506E+000,1.957657432E-001,1.028502584E-001
       755,1.891775329E+000,1.966989829E-001,1.022989005E-001
       756,1.991837678E+000,1.984085556E-001,1.020563096E-001
       757,2.092061985E+000,2.013557743E-001,1.025332510E-001
       758,2.192917526E+000,2.061135791E-001,1.040575355E-001
       759,2.295517883E+000,2.133867439E-001,1.070032269E-001
       760,2.402707786E+000,2.247061605E-001,1.127915159E-001
       761,2.524428193E+000,2.454306151E-001,1.248750314E-001
       762,2.629174019E+000,2.143553735E-001,9.949453920E-002
       763,2.725036842E+000,2.023867926E-001,9.019973874E-002
       764,2.820406744E+000,1.969257212E-001,8.539158106E-002
       765,2.916592173E+000,1.943011636E-001,8.251105994E-002
       766,3.013522020E+000,1.930654443E-001,8.042001724E-002
       767,3.110964330E+000,1.925838408E-001,7.853849232E-002
       768,3.208777965E+000,1.925691439E-001,7.650166005E-002
       769,3.306915172E+000,1.928972558E-001,7.402396947E-002
       770,3.405370900E+000,1.935221222E-001,7.087922096E-002
       771,3.504129709E+000,1.944150848E-001,6.697375327E-002
       772,3.603120527E+000,1.955004866E-001,6.248334423E-002
       773,3.702256961E+000,1.966770309E-001,5.797219276E-002
       774,3.699791186E+000,2.801571423E+000,8.105925372E-005
       775,3.600018956E+000,2.801950461E+000,8.262899064E-005
       776,3.500494254E+000,2.802182332E+000,8.406402048E-005
       777,3.401248967E+000,2.802249062E+000,8.531904314E-005
       778,3.302264545E+000,2.802171227E+000,8.633578545E-005
       779,3.203451765E+000,2.801990298E+000,8.703570347E-005
       780,3.104677551E+000,2.801747146E+000,8.731950948E-005
       781,3.005782331E+000,2.801461408E+000,8.701035404E-005
       782,2.906587907E+000,2.801116239E+000,8.564373275E-005
       783,2.806900481E+000,2.800647291E+000,8.204747428E-005
       784,2.706509989E+000,2.799933888E+000,7.522851229E-005
       785,2.605190642E+000,2.798817903E+000,6.502623000E-005
       786,2.502707614E+000,2.797196841E+000,4.925959365E-005
       787,2.398838092E+000,2.795243820E+000,3.664811811E-005
       788,5.093192014E-001,2.734451767E-001,0.000000000E+000
       789,3.263672198E-001,2.779029744E-001,2.558034848E-019
       790,4.207864902E-001,2.599813981E-001,1.954108732E-019
       791,5.605782600E-001,3.603501207E-001,6.881117898E-011
       792,4.871674251E-001,3.414344750E-001,7.638183299E-014
       793,6.284106981E-001,3.709929334E-001,4.943730494E-011
       794,6.868046612E-001,3.671291160E-001,7.824650675E-005
       795,8.764188492E-001,2.663482738E-001,1.821001172E-001
       796,7.803298157E-001,1.274193414E+000,5.411407590E-022
       797,8.797068068E-001,1.273814200E+000,5.378739409E-022
       798,9.794215371E-001,1.273594226E+000,5.358922213E-022
       799,1.079368480E+000,1.273487993E+000,5.346363547E-022
       800,1.179453686E+000,1.273484575E+000,5.344781282E-022
       801,1.279590729E+000,1.273575613E+000,5.359373568E-022
       802,1.379706750E+000,1.273737154E+000,5.395203251E-022
       803,1.479747619E+000,1.273928357E+000,5.461439295E-022
       804,1.579680640E+000,1.274099631E+000,1.061730442E-021
       805,1.679494755E+000,1.274202308E+000,1.891066609E-018
       806,1.779184805E+000,1.274188606E+000,7.892548817E-015
       807,1.878709072E+000,1.273999433E+000,3.337598947E-011
       808,1.977901807E+000,1.273522609E+000,6.899283989E-008
       809,2.076373953E+000,1.272470443E+000,1.621463452E-004
       810,2.173739243E+000,1.269975248E+000,7.229364128E-004
       811,2.254190448E+000,1.173679795E+000,8.200961165E-003
       812,2.272354054E+000,1.262845922E+000,1.857068040E-003
       813,2.256923488E+000,1.089556486E+000,4.200042039E-002
       814,2.262153006E+000,9.997132508E-001,7.948300242E-002
       815,2.266290637E+000,9.053855870E-001,8.041391522E-002
       816,2.269132360E+000,8.085834450E-001,7.976385951E-002
       817,2.271369237E+000,7.107182470E-001,7.983113080E-002
       818,2.273844174E+000,6.127523977E-001,7.327120751E-002
       819,2.277387325E+000,5.154018704E-001,9.119323641E-002
       820,2.183559492E+000,4.057203389E-001,1.628877968E-001
       821,2.282533587E+000,4.173015248E-001,1.609341353E-001
       822,2.084349739E+000,3.974316710E-001,1.650680155E-001
       823,1.984746158E+000,3.928598817E-001,1.663915515E-001
       824,1.884894725E+000,3.904698276E-001,1.664269269E-001
       825,1.784863201E+000,3.892546933E-001,1.659005582E-001
       826,1.684661869E+000,3.886597509E-001,1.650463939E-001
       827,1.584269582E+000,3.883954702E-001,1.640051454E-001
       828,1.483653630E+000,3.883115345E-001,1.628998518E-001
       829,1.382759896E+000,3.883148305E-001,1.618796587E-001
       830,1.281443074E+000,3.881372508E-001,1.611930579E-001
       831,1.179517479E+000,3.872050316E-001,1.614178717E-001
       832,1.076394358E+000,3.846483188E-001,1.634461880E-001
       833,9.697076530E-001,3.791404612E-001,1.683155298E-001
       834,8.489105903E-001,3.670916488E-001,2.004159093E-001
       835,7.627155680E-001,4.098489227E-001,7.993319631E-002
       836,6.889358500E-001,4.292841483E-001,3.045262019E-005
       837,6.145059897E-001,4.332614581E-001,2.860266191E-010
       838,5.364254243E-001,4.268133694E-001,3.322396525E-010
       839,4.254704542E-001,4.959837327E-001,3.176401199E-013
       840,4.518083544E-001,4.107603055E-001,2.263495787E-013
       841,4.085487062E-001,5.883834274E-001,1.672906063E-013
       842,3.993004415E-001,6.852554880E-001,8.708616384E-017
       843,3.943126651E-001,7.839885243E-001,8.910715137E-017
       844,3.916234637E-001,8.835178250E-001,4.118337365E-019
       845,3.901829928E-001,9.832705306E-001,1.311657551E-020
       846,3.894519639E-001,1.082861886E+000,3.465264766E-021
       847,3.891445266E-001,1.182004083E+000,9.830696248E-022
       848,3.888033537E-001,1.280684809E+000,1.800623989E-022
       849,4.856392492E-001,1.375632604E+000,3.834284936E-023
       850,3.883349425E-001,1.378898447E+000,1.075165586E-023
       851,5.833034950E-001,1.373255406E+000,6.171957477E-023
       852,6.815939510E-001,1.371818282E+000,6.702751057E-023
       853,2.827256820E+000,2.603834620E+000,1.148941155E-004
       854,2.924455012E+000,2.604456803E+000,1.130157034E-004
       855,3.021141819E+000,2.604870464E+000,1.062415540E-004
       856,3.117571349E+000,2.605194042E+000,1.060505383E-004
       857,3.213952986E+000,2.605447360E+000,1.049179336E-004
       858,3.310497488E+000,2.605593345E+000,1.026736209E-004
       859,3.407457058E+000,2.605565067E+000,9.960375610E-005
       860,3.505130652E+000,2.605275582E+000,9.956517897E-005
       861,3.604457445E+000,2.506411611E+000,3.502771433E-004
       862,3.603422221E+000,2.604622517E+000,1.465548266E-004
       863,3.604964038E+000,2.408694128E+000,9.019042482E-004
       864,3.605085793E+000,2.311665115E+000,1.371807884E-003
       865,3.604976038E+000,2.215073201E+000,1.711327815E-003
       866,3.604700412E+000,2.118712305E+000,2.247282304E-003
       867,3.604206054E+000,2.022405542E+000,2.540880814E-003
       868,3.603278821E+000,1.925934048E+000,3.016259288E-003
       869,3.601463219E+000,1.828960224E+000,3.846840234E-003
       870,3.597894501E+000,1.730937975E+000,4.827610683E-003
       871,3.590973886E+000,1.631045565E+000,6.562219001E-003
       872,3.578029710E+000,1.528635135E+000,1.095799077E-002
       873,3.464531140E+000,1.445127021E+000,1.560964435E-002
       874,3.557363693E+000,1.427248891E+000,1.957019977E-002
       875,3.373198431E+000,1.455453594E+000,1.270903554E-002
       876,3.281269231E+000,1.461184087E+000,1.071907301E-002
       877,3.188711063E+000,1.464621811E+000,9.326412342E-003
       878,3.095761276E+000,1.467128897E+000,8.226661012E-003
       879,3.002719593E+000,1.469748998E+000,7.176083978E-003
       880,2.910084579E+000,1.473482156E+000,5.960713606E-003
       881,2.819005403E+000,1.479436710E+000,4.363056272E-003
       882,2.732071903E+000,1.488518312E+000,2.140456112E-003
       883,2.653332893E+000,1.498402281E+000,7.913139416E-004
       884,2.572549529E+000,1.487199215E+000,4.357626603E-004
       885,2.473708867E+000,1.569203224E+000,1.429918630E-004
       886,2.479737730E+000,1.475044377E+000,3.579921322E-004
       887,2.471120946E+000,1.663255203E+000,7.290826034E-005
       888,2.469961470E+000,1.758421301E+000,5.178385254E-005
       889,2.469555908E+000,1.854293009E+000,4.515635737E-005
       890,2.469667668E+000,1.950298881E+000,4.267961049E-005
       891,2.470279823E+000,2.045802750E+000,4.154006456E-005
       892,2.471470201E+000,2.139962369E+000,4.091743540E-005
       893,2.473161216E+000,2.231532816E+000,4.034718950E-005
       894,2.474408107E+000,2.318807394E+000,3.903379911E-005
       895,2.471310731E+000,2.400657720E+000,3.775070945E-005
       896,2.443746862E+000,2.487426455E+000,3.711612590E-005
       897,2.423500290E+000,2.588844063E+000,3.639817078E-005
       898,2.514266975E+000,2.696115019E+000,5.133956438E-005
       899,2.409415568E+000,2.692170399E+000,3.553313218E-005
       900,2.616747825E+000,2.699021781E+000,7.051935245E-005
       901,2.717459904E+000,2.700833612E+000,8.504911239E-005
       902,2.872533496E+000,1.282688528E+000,3.355237469E-002
       903,2.968967779E+000,1.278074801E+000,3.684936091E-002
       904,3.063480204E+000,1.275237474E+000,3.920067847E-002
       905,3.157071246E+000,1.273087067E+000,4.108601063E-002
       906,3.249927354E+000,1.270864264E+000,4.282393679E-002
       907,3.341782725E+000,1.268042199E+000,4.440794885E-002
       908,3.431923588E+000,1.264288059E+000,4.546231404E-002
       909,3.518952195E+000,1.260256791E+000,4.542172700E-002
       910,3.605453512E+000,1.174190338E+000,5.297917873E-002
       911,3.601352786E+000,1.259794970E+000,4.273315892E-002
       912,3.606439960E+000,1.081174928E+000,5.461825058E-002
       913,3.606744692E+000,9.845701564E-001,7.562293112E-002
       914,3.606848259E+000,8.862342643E-001,9.701185673E-002
       915,3.606839785E+000,7.871305255E-001,1.121604815E-001
       916,3.606744051E+000,6.878004693E-001,1.337191015E-001
       917,3.606549942E+000,5.886307455E-001,1.495103091E-001
       918,3.606197957E+000,4.899678629E-001,1.568356752E-001
       919,3.507287423E+000,3.893917984E-001,1.457707584E-001
       920,3.605495260E+000,3.915785336E-001,1.373866946E-001
       921,3.409621935E+000,3.875692936E-001,1.524392515E-001
       922,3.312803360E+000,3.864744028E-001,1.572187692E-001
       923,3.216579175E+000,3.859043679E-001,1.605819911E-001
       924,3.120782131E+000,3.857378327E-001,1.631098092E-001
       925,3.025398311E+000,3.859334313E-001,1.652374119E-001
       926,2.930649230E+000,3.864790251E-001,1.672915518E-001
       927,2.837122240E+000,3.873105890E-001,1.695321798E-001
       928,2.745924763E+000,3.880982341E-001,1.721335948E-001
       929,2.658714946E+000,3.876554577E-001,1.747338921E-001
       930,2.576667489E+000,3.821999858E-001,1.791346967E-001
       931,2.477484889E+000,4.504734429E-001,1.601566076E-001
       932,2.491330123E+000,3.528318932E-001,1.835045666E-001
       933,2.470666896E+000,5.478341447E-001,9.772051126E-002
       934,2.466875208E+000,6.458105159E-001,7.932598889E-002
       935,2.464200372E+000,7.441562674E-001,7.947910577E-002
       936,2.461193177E+000,8.423805974E-001,8.023745567E-002
       937,2.456177749E+000,9.400193687E-001,8.152515441E-002
       938,2.446552773E+000,1.036957585E+000,5.557648465E-002
       939,2.427130512E+000,1.134453354E+000,1.891282573E-002
       940,2.383452929E+000,1.239266851E+000,4.890883341E-003
       941,2.492309496E+000,1.377962666E+000,1.239113160E-003
       942,2.383818168E+000,1.362568325E+000,8.218217990E-004
       943,2.589346426E+000,1.402992485E+000,1.475168741E-003
       944,1.487316852E+000,2.665232974E+000,0.000000000E+000
       945,1.487509758E+000,2.749468647E+000,0.000000000E+000
       946,2.381748894E+000,2.238476480E+000,3.027706407E-005
       947,2.389667910E+000,2.322795619E+000,3.049068073E-005
       948,2.377249071E+000,2.146606145E+000,2.991148904E-005
       949,2.374834986E+000,2.051370078E+000,2.949645022E-005
       950,2.373655249E+000,1.954567303E+000,2.885115282E-005
       951,2.373260738E+000,1.857156340E+000,2.799602407E-005
       952,2.373496440E+000,1.759745868E+000,2.859605047E-005
       953,2.374434073E+000,1.662676513E+000,3.739503882E-005
       954,2.376336506E+000,1.565738119E+000,8.272723062E-005
       955,2.379565617E+000,1.467222776E+000,2.510746417E-004
       956,2.277774055E+000,1.364584534E+000,4.839198664E-004
       957,2.176636180E+000,1.367481505E+000,1.341013121E-004
       958,2.077278850E+000,1.369227291E+000,2.097843753E-005
       959,1.978092033E+000,1.370178697E+000,1.072306244E-008
       960,1.878728973E+000,1.370661019E+000,4.381150390E-012
       961,1.779185886E+000,1.370850969E+000,1.242957852E-015
       962,1.679492059E+000,1.370849083E+000,4.367094874E-019
       963,1.579660108E+000,1.370726455E+000,1.772737945E-022
       964,1.479699852E+000,1.370543808E+000,7.224473998E-023
       965,1.379632675E+000,1.370356284E+000,6.660565300E-023
       966,1.279498630E+000,1.370212946E+000,6.363521304E-023
       967,1.179359072E+000,1.370150619E+000,6.266363301E-023
       968,1.079295068E+000,1.370185418E+000,6.270159931E-023
       969,9.793972799E-001,1.370318887E+000,6.307451595E-023
       970,8.797538080E-001,1.370568846E+000,6.384202081E-023
       971,7.804516721E-001,1.371012037E+000,6.508830113E-023
       972,2.321747559E+000,1.165922453E+000,9.377918206E-003
       973,2.339770429E+000,1.099431403E+000,3.063570149E-002
       974,2.352282054E+000,1.013951584E+000,6.695127487E-002
       975,2.359870872E+000,9.208710326E-001,8.037051558E-002
       976,2.364392482E+000,8.246035792E-001,7.872182131E-002
       977,2.367511205E+000,7.269961980E-001,7.788033783E-002
       978,2.370586293E+000,6.290071222E-001,7.373010367E-002
       979,2.374834416E+000,5.310671872E-001,9.272152185E-002
       980,2.381438155E+000,4.325711982E-001,1.594809145E-001
       981,2.289437375E+000,3.172668596E-001,1.813999116E-001
       982,2.391365935E+000,3.317508368E-001,1.826451272E-001
       983,2.188468002E+000,3.073015983E-001,1.813210845E-001
       984,2.088209358E+000,3.005764717E-001,1.815802157E-001
       985,1.988195283E+000,2.964748684E-001,1.817391515E-001
       986,1.888194718E+000,2.941363652E-001,1.819935143E-001
       987,1.788103900E+000,2.928700397E-001,1.826915592E-001
       988,1.687867803E+000,2.922194866E-001,1.836360395E-001
       989,1.587443568E+000,2.919110647E-001,1.846431345E-001
       990,1.486788968E+000,2.917845636E-001,1.855641752E-001
       991,1.385842725E+000,2.916900265E-001,1.862357855E-001
       992,1.284528957E+000,2.913002321E-001,1.864394993E-001
       993,1.182805687E+000,2.899991913E-001,1.862392426E-001
       994,1.080586675E+000,2.867812550E-001,1.857512891E-001
       995,9.778130675E-001,2.799963871E-001,1.836726367E-001
       996,7.351817372E-001,3.427315498E-001,2.191244662E-001
       997,3.703209420E+000,2.951858261E-001,9.374777228E-002
       998,3.703972500E+000,3.939174239E-001,1.279627830E-001
       999,3.704518171E+000,4.928261291E-001,1.494184881E-001
      1000,3.704857704E+000,5.919370589E-001,1.502290070E-001
      1001,3.705051859E+000,6.912709182E-001,1.424802840E-001
      1002,3.705108315E+000,7.906663375E-001,1.332902163E-001
      1003,3.704950948E+000,8.898752676E-001,1.275066882E-001
      1004,3.704358060E+000,9.885708237E-001,1.075018719E-001
      1005,3.702787269E+000,1.086387515E+000,8.675930649E-002
      1006,3.698855305E+000,1.183224084E+000,8.197327703E-002
      1007,3.688770536E+000,1.280569545E+000,5.754608288E-002
      1008,3.660259787E+000,1.388485214E+000,2.771226130E-002
      1009,3.679583203E+000,1.511125798E+000,1.559261046E-002
      1010,3.689812649E+000,1.618391554E+000,1.017000340E-002
      1011,3.695766888E+000,1.720476082E+000,7.565131411E-003
      1012,3.699185450E+000,1.820095920E+000,6.132812239E-003
      1013,3.701110390E+000,1.918454156E+000,5.191490054E-003
      1014,3.702195961E+000,2.016199431E+000,4.626109730E-003
      1015,3.702829797E+000,2.113708901E+000,4.030228592E-003
      1016,3.703205745E+000,2.211211873E+000,3.414547071E-003
      1017,3.703377890E+000,2.308863227E+000,3.040023614E-003
      1018,3.703310651E+000,2.406788548E+000,1.904355013E-003
      1019,3.702930860E+000,2.505079697E+000,8.450380410E-004
      1020,3.702193250E+000,2.603694286E+000,4.211557680E-004
      1021,3.701124378E+000,2.702540365E+000,8.691669791E-005
      1022,3.522185687E-001,3.760543415E-001,1.336195632E-017
      1023,4.248285964E-001,3.210851542E-001,2.265413244E-019
      1024,3.250126882E-001,4.865023792E-001,1.414577712E-016
      1025,3.108457145E-001,5.875523018E-001,1.134354993E-016
      1026,3.027424988E-001,6.871426366E-001,1.183877540E-018
      1027,2.980480368E-001,7.866718627E-001,8.646633197E-019
      1028,2.953375249E-001,8.864306130E-001,2.686766590E-022
      1029,2.937756936E-001,9.862842550E-001,1.386935737E-022
      1030,2.928625667E-001,1.086017973E+000,2.218655203E-023
      1031,2.922785013E-001,1.185458030E+000,4.384932645E-024
      1032,2.917658003E-001,1.284539855E+000,6.342796172E-025
      1033,2.912308057E-001,1.383235830E+000,2.801190532E-026
      1034,2.892276950E+000,1.379979801E+000,1.515248045E-002
      1035,2.799638076E+000,1.389074309E+000,1.146551594E-002
      1036,2.985915669E+000,1.374833546E+000,1.761551388E-002
      1037,3.079426718E+000,1.371535484E+000,1.951710880E-002
      1038,3.172516840E+000,1.368759611E+000,2.124520019E-002
      1039,3.264896243E+000,1.365396674E+000,2.310063876E-002
      1040,3.355990053E+000,1.360662724E+000,2.530168556E-002
      1041,3.444479830E+000,1.353231856E+000,2.791442722E-002
      1042,3.526611836E+000,1.342046697E+000,3.066622652E-002
      1043,3.591512032E+000,1.326548514E+000,3.183021396E-002
      1044,2.816901447E+000,2.701903334E+000,9.586293891E-005
      1045,2.915477183E+000,2.702557008E+000,1.003399593E-004
      1046,3.013501107E+000,2.703004730E+000,1.008985855E-004
      1047,3.111221986E+000,2.703349935E+000,1.007971368E-004
      1048,3.208851189E+000,2.703617310E+000,9.975579451E-005
      1049,3.306581934E+000,2.703781997E+000,9.781318658E-005
      1050,3.404595768E+000,2.703794982E+000,9.533522098E-005
      1051,3.503036562E+000,2.703603852E+000,9.256705380E-005
      1052,3.601902775E+000,2.703175106E+000,8.967660688E-005
      1053,2.712889445E+000,1.406629959E+000,4.901790526E-003
      1054,2.652843352E+000,1.438113128E+000,1.449349220E-003
      1055,3.604431414E+000,2.934803666E-001,1.007952690E-001
      1056,3.505892658E+000,2.918999631E-001,1.073892564E-001
      1057,3.407738712E+000,2.905978157E-001,1.128631905E-001
      1058,3.310089156E+000,2.897171318E-001,1.170603707E-001
      1059,3.212896529E+000,2.892484363E-001,1.202205569E-001
      1060,3.116115433E+000,2.891878543E-001,1.227149516E-001
      1061,3.019808866E+000,2.895966374E-001,1.249143854E-001
      1062,2.924272061E+000,2.906455143E-001,1.272005588E-001
      1063,2.830244733E+000,2.926969551E-001,1.300792098E-001
      1064,2.739430261E+000,2.964756249E-001,1.344350278E-001
      1065,2.656067959E+000,3.033353699E-001,1.421959549E-001
      1066,2.590781366E+000,3.151180298E-001,1.518631727E-001
      1067,2.906860720E-001,1.481518436E+000,1.176953483E-028
      1068,2.902501804E-001,1.579427380E+000,1.213388903E-029
      1069,2.900557859E-001,1.676934975E+000,8.295628203E-033
      1070,2.902204317E-001,1.774057460E+000,9.528971615E-035
      1071,2.908091261E-001,1.870800753E+000,6.747296050E-037
      1072,2.919524028E-001,1.967088524E+000,1.490011868E-039
      1073,2.939496934E-001,2.062683198E+000,1.715189320E-041
      1074,2.972306992E-001,2.157027398E+000,9.949219097E-044
      1075,3.028167157E-001,2.248766791E+000,0.000000000E+000
      1076,3.121439121E-001,2.333976082E+000,0.000000000E+000
      1077,3.266608038E-001,2.401759928E+000,0.000000000E+000
      1078,8.034606816E-001,2.731369798E+000,0.000000000E+000
      1079,9.054178831E-001,2.703496421E+000,0.000000000E+000
      1080,1.000013978E+000,2.688011043E+000,0.000000000E+000
      1081,1.094832730E+000,2.679111044E+000,0.000000000E+000
      1082,1.191645529E+000,2.673231702E+000,0.000000000E+000
      1083,1.289962150E+000,2.669751778E+000,0.000000000E+000
      1084,1.388473051E+000,2.667054101E+000,0.000000000E+000
      1085,2.402621809E+000,2.388277897E+000,3.051607200E-005
      1086,1.388926423E+000,2.751269272E+000,0.000000000E+000
      1087,1.290656942E+000,2.753773258E+000,0.000000000E+000
      1088,1.193556598E+000,2.757270472E+000,0.000000000E+000
      1089,1.099222243E+000,2.762375156E+000,0.000000000E+000
      1090,1.009769047E+000,2.770890951E+000,0.000000000E+000
      1091,2.211310989E-001,3.872866679E-001,0.000000000E+000
