nodenumber,    x-coordinate,    y-coordinate,            c2h6
         1,7.100000000E-001,3.000000000E-001,5.000978708E-001
         2,6.850858620E-001,3.238342004E-001,3.841186481E-005
         3,6.856125011E-001,3.056513156E-001,1.814329335E-005
         4,7.000000000E-001,3.000000000E-001,9.787242743E-005
         5,7.100000000E-001,2.800000000E-001,5.054425597E-001
         6,7.236791771E-001,2.305009119E-001,5.530840531E-002
         7,7.903931993E-001,2.408555716E-001,1.833639294E-001
         8,7.687291603E-001,3.020279623E-001,4.102870524E-001
         9,7.000000000E-001,2.800000000E-001,5.442555528E-003
        10,6.764162816E-001,2.362815490E-001,5.770169810E-005
        11,6.671475470E-001,2.913394410E-001,8.885001179E-009
        12,1.780000000E+000,2.494285714E+000,0.000000000E+000
        13,1.681517864E+000,2.494520771E+000,0.000000000E+000
        14,1.680000000E+000,2.410000000E+000,0.000000000E+000
        15,1.780000000E+000,2.578571429E+000,0.000000000E+000
        16,1.682649631E+000,2.578925679E+000,0.000000000E+000
        17,1.780000000E+000,2.662857143E+000,0.000000000E+000
        18,1.683253420E+000,2.663221486E+000,0.000000000E+000
        19,1.780000000E+000,2.747142857E+000,0.000000000E+000
        20,1.683304013E+000,2.747452798E+000,0.000000000E+000
        21,1.780000000E+000,2.831428571E+000,0.000000000E+000
        22,1.682886328E+000,2.831651215E+000,0.000000000E+000
        23,1.780000000E+000,2.915714286E+000,0.000000000E+000
        24,1.682130642E+000,2.915822261E+000,0.000000000E+000
        25,1.681111111E+000,3.000000000E+000,0.000000000E+000
        26,2.753750000E+000,1.080000000E+000,6.285866220E-006
        27,2.757800583E+000,1.184157553E+000,4.217882179E-006
        28,2.650383590E+000,1.183717388E+000,9.388010767E-006
        29,2.660000000E+000,1.080000000E+000,2.438020965E-005
        30,2.753750000E+000,2.410000000E+000,2.972425976E-014
        31,2.741416988E+000,2.505899641E+000,2.379649619E-014
        32,2.644030787E+000,2.504213767E+000,7.406792871E-014
        33,2.660000000E+000,2.410000000E+000,2.218489471E-013
        34,2.080000000E+000,2.896923077E+000,1.012438891E-019
        35,2.183600715E+000,2.896948020E+000,1.474042469E-018
        36,2.181052632E+000,3.000000000E+000,1.423121205E-019
        37,2.080000000E+000,2.793846154E+000,1.026764405E-018
        38,2.186660160E+000,2.793568969E+000,1.451413620E-017
        39,2.080000000E+000,2.690769231E+000,7.285327898E-018
        40,2.190469218E+000,2.689299070E+000,9.898370112E-017
        41,2.080000000E+000,2.587692308E+000,4.130572380E-017
        42,2.194953111E+000,2.583215536E+000,5.137983273E-016
        43,2.080000000E+000,2.484615385E+000,2.152998404E-016
        44,2.198645940E+000,2.474412107E+000,2.584023295E-015
        45,2.080000000E+000,2.381538461E+000,9.408211997E-016
        46,2.191224313E+000,2.369016531E+000,8.944249489E-015
        47,2.080000000E+000,2.278461539E+000,3.158234553E-015
        48,2.185022393E+000,2.267129089E+000,2.488331908E-014
        49,2.080000000E+000,2.175384615E+000,8.651686850E-015
        50,2.181445824E+000,2.166334234E+000,5.986477861E-014
        51,2.080000000E+000,2.072307692E+000,1.840170269E-014
        52,2.179610975E+000,2.065523334E+000,1.099776669E-013
        53,2.080000000E+000,1.969230769E+000,1.982114017E-014
        54,2.178731126E+000,1.964466470E+000,1.128967728E-013
        55,2.080000000E+000,1.866153846E+000,8.180831399E-015
        56,2.178351504E+000,1.863298984E+000,5.316807853E-014
        57,2.080000000E+000,1.763076923E+000,5.620343126E-016
        58,2.178249395E+000,1.762322300E+000,3.015383760E-014
        59,2.080000000E+000,1.660000000E+000,5.456597496E-017
        60,2.178272577E+000,1.662064844E+000,9.075638868E-014
        61,2.078781499E+000,1.563555617E+000,4.398939615E-016
        62,2.178081724E+000,1.563876940E+000,3.959366743E-013
        63,1.980000000E+000,1.660000000E+000,0.000000000E+000
        64,1.979124271E+000,1.563680529E+000,3.108046779E-018
        65,1.880000000E+000,1.660000000E+000,4.600100828E-021
        66,1.879392702E+000,1.563821318E+000,1.216372839E-019
        67,1.780000000E+000,1.660000000E+000,9.197606216E-021
        68,1.779618311E+000,1.563874084E+000,1.070233225E-019
        69,1.680000000E+000,1.660000000E+000,1.033283891E-020
        70,1.679782640E+000,1.563834717E+000,1.173665375E-019
        71,1.580000000E+000,1.660000000E+000,1.356366340E-020
        72,1.579869171E+000,1.563732311E+000,1.481674348E-019
        73,1.480000000E+000,1.660000000E+000,1.843576205E-020
        74,1.479876414E+000,1.563603606E+000,1.968977820E-019
        75,1.380000000E+000,1.660000000E+000,2.392718150E-020
        76,1.379816948E+000,1.563481873E+000,2.556570221E-019
        77,1.280000000E+000,1.660000000E+000,2.776458545E-020
        78,1.279713967E+000,1.563394229E+000,3.043948657E-019
        79,1.180000000E+000,1.660000000E+000,2.669127821E-020
        80,1.179601731E+000,1.563363030E+000,3.105891560E-019
        81,1.080000000E+000,1.660000000E+000,1.912230742E-020
        82,1.079529783E+000,1.563398102E+000,2.487453336E-019
        83,9.800000000E-001,1.660000000E+000,8.741833737E-021
        84,9.795579064E-001,1.563489052E+000,1.372035693E-019
        85,8.800000000E-001,1.660000000E+000,1.964086646E-021
        86,8.797380029E-001,1.563631490E+000,4.094151444E-020
        87,7.800000000E-001,1.660000000E+000,9.818521916E-023
        88,7.801111495E-001,1.563879361E+000,3.303313666E-021
        89,6.800000000E-001,1.660000000E+000,6.789179772E-026
        90,6.807459911E-001,1.564412059E+000,9.003630494E-023
        91,5.800000000E-001,1.660000000E+000,0.000000000E+000
        92,5.818562237E-001,1.565676399E+000,3.497039073E-022
        93,4.834779748E-001,1.664623905E+000,1.225170701E-024
        94,4.842292519E-001,1.568962833E+000,4.846599338E-022
        95,5.800000000E-001,1.753750000E+000,0.000000000E+000
        96,4.833753413E-001,1.759715382E+000,1.517115299E-027
        97,5.800000000E-001,1.847500000E+000,0.000000000E+000
        98,4.835741590E-001,1.854509307E+000,1.243766386E-029
        99,5.800000000E-001,1.941250000E+000,0.000000000E+000
       100,4.839912204E-001,1.949061242E+000,3.887370691E-032
       101,5.800000000E-001,2.035000000E+000,0.000000000E+000
       102,4.846355171E-001,2.043308161E+000,4.600997962E-035
       103,5.800000000E-001,2.128750000E+000,0.000000000E+000
       104,4.855403833E-001,2.137079634E+000,2.668618446E-037
       105,5.800000000E-001,2.222500000E+000,0.000000000E+000
       106,4.866220792E-001,2.230159242E+000,1.724872293E-040
       107,5.800000000E-001,2.316250000E+000,0.000000000E+000
       108,4.872641311E-001,2.322659572E+000,0.000000000E+000
       109,5.800000000E-001,2.410000000E+000,0.000000000E+000
       110,4.854315502E-001,2.416524385E+000,0.000000000E+000
       111,5.788273687E-001,2.521328204E+000,0.000000000E+000
       112,4.758670859E-001,2.520558960E+000,0.000000000E+000
       113,6.800000000E-001,2.410000000E+000,0.000000000E+000
       114,6.817993399E-001,2.519494449E+000,0.000000000E+000
       115,7.800000000E-001,2.410000000E+000,0.000000000E+000
       116,7.841807523E-001,2.515607363E+000,0.000000000E+000
       117,8.800000000E-001,2.410000000E+000,0.000000000E+000
       118,8.853825655E-001,2.510319475E+000,0.000000000E+000
       119,9.800000000E-001,2.410000000E+000,0.000000000E+000
       120,9.853946441E-001,2.505592407E+000,0.000000000E+000
       121,1.080000000E+000,2.410000000E+000,0.000000000E+000
       122,1.084976013E+000,2.502033567E+000,0.000000000E+000
       123,1.180000000E+000,2.410000000E+000,0.000000000E+000
       124,1.184622710E+000,2.499473175E+000,0.000000000E+000
       125,1.280000000E+000,2.410000000E+000,0.000000000E+000
       126,1.284358891E+000,2.497671812E+000,0.000000000E+000
       127,1.380000000E+000,2.410000000E+000,0.000000000E+000
       128,1.383974927E+000,2.496359460E+000,0.000000000E+000
       129,1.480000000E+000,2.410000000E+000,0.000000000E+000
       130,1.483390220E+000,2.495448343E+000,0.000000000E+000
       131,1.580000000E+000,2.410000000E+000,0.000000000E+000
       132,1.582583142E+000,2.494861175E+000,0.000000000E+000
       133,2.847500000E+000,1.080000000E+000,2.429334018E-006
       134,2.857735765E+000,1.181622316E+000,1.639476295E-006
       135,2.941250000E+000,1.080000000E+000,8.431605920E-007
       136,2.954004855E+000,1.179472868E+000,6.137709079E-007
       137,3.035000000E+000,1.080000000E+000,2.843199525E-007
       138,3.048645501E+000,1.177966436E+000,2.314561556E-007
       139,3.128750000E+000,1.080000000E+000,9.842408843E-008
       140,3.142526594E+000,1.176840111E+000,9.006006962E-008
       141,3.222500000E+000,1.080000000E+000,3.559132011E-008
       142,3.235951876E+000,1.175788434E+000,3.608350241E-008
       143,3.316250000E+000,1.080000000E+000,1.328515697E-008
       144,3.328961254E+000,1.174586895E+000,1.464566690E-008
       145,3.410000000E+000,1.080000000E+000,3.686821293E-009
       146,3.421606820E+000,1.173193169E+000,5.939043479E-009
       147,3.510142887E+000,1.078890560E+000,1.160047836E-009
       148,3.514405317E+000,1.172153181E+000,2.315907022E-009
       149,3.410000000E+000,9.800000000E-001,6.949418263E-010
       150,3.508937577E+000,9.817277156E-001,6.167014899E-009
       151,3.410000000E+000,8.800000000E-001,2.886335837E-009
       152,3.508610329E+000,8.829582219E-001,5.356032773E-008
       153,3.410000000E+000,7.800000000E-001,1.994680154E-008
       154,3.508495233E+000,7.835747007E-001,2.871062179E-007
       155,3.410000000E+000,6.800000000E-001,2.945093001E-006
       156,3.508411191E+000,6.840656191E-001,2.577367695E-006
       157,3.410000000E+000,5.800000000E-001,1.981670175E-005
       158,3.508296886E+000,5.848725287E-001,1.005853119E-005
       159,3.410675073E+000,4.843641699E-001,4.403671846E-005
       160,3.508138013E+000,4.870166869E-001,2.173084067E-005
       161,3.316250000E+000,5.800000000E-001,4.684595478E-005
       162,3.314907066E+000,4.833129451E-001,8.658009028E-005
       163,3.222500000E+000,5.800000000E-001,8.551931387E-005
       164,3.219781525E+000,4.828454334E-001,1.711327204E-004
       165,3.128750000E+000,5.800000000E-001,1.609782630E-004
       166,3.124982324E+000,4.826820460E-001,3.371673811E-004
       167,3.035000000E+000,5.800000000E-001,3.071125830E-004
       168,3.030422532E+000,4.827255533E-001,6.598852924E-004
       169,2.941250000E+000,5.800000000E-001,5.873295013E-004
       170,2.936178497E+000,4.828924369E-001,1.279457938E-003
       171,2.847500000E+000,5.800000000E-001,1.118021319E-003
       172,2.842516810E+000,4.829806726E-001,2.450738102E-003
       173,2.753750000E+000,5.800000000E-001,2.116166754E-003
       174,2.749876187E+000,4.823724716E-001,4.626269452E-003
       175,2.660000000E+000,5.800000000E-001,2.123876475E-003
       176,2.658651652E+000,4.792361368E-001,8.568723686E-003
       177,2.565102288E+000,5.646916777E-001,5.509685259E-003
       178,2.568581600E+000,4.689230628E-001,1.502731908E-002
       179,2.660000000E+000,6.800000000E-001,1.023937599E-003
       180,2.563112987E+000,6.629566658E-001,2.100825543E-003
       181,2.660000000E+000,7.800000000E-001,3.941204923E-004
       182,2.561619289E+000,7.619563550E-001,8.196767885E-004
       183,2.660000000E+000,8.800000000E-001,1.552148751E-004
       184,2.559717597E+000,8.610945098E-001,3.171290737E-004
       185,2.660000000E+000,9.800000000E-001,6.482587196E-005
       186,2.556254263E+000,9.602463267E-001,1.216849341E-004
       187,2.549406486E+000,1.059951984E+000,4.586334762E-005
       188,2.535312758E+000,1.162483078E+000,1.479120237E-005
       189,2.649212114E+000,1.310526273E+000,1.400968927E-006
       190,2.515219091E+000,1.271866797E+000,2.038780849E-006
       191,2.770777700E+000,1.291185440E+000,1.154004167E-006
       192,2.847500000E+000,2.410000000E+000,6.515662880E-015
       193,2.837568736E+000,2.506633191E+000,5.671161715E-015
       194,2.941250000E+000,2.410000000E+000,1.300296689E-015
       195,2.933116361E+000,2.507008421E+000,1.279882136E-015
       196,3.035000000E+000,2.410000000E+000,2.733183944E-016
       197,3.028348573E+000,2.507252463E+000,3.091212595E-016
       198,3.128750000E+000,2.410000000E+000,6.342558224E-017
       199,3.123435872E+000,2.507450086E+000,8.013150057E-017
       200,3.222500000E+000,2.410000000E+000,1.629630510E-017
       201,3.218517121E+000,2.507609878E+000,2.177166007E-017
       202,3.316250000E+000,2.410000000E+000,4.528434178E-018
       203,3.313762287E+000,2.507697351E+000,6.099351077E-018
       204,3.410000000E+000,2.410000000E+000,1.075315254E-018
       205,3.409487231E+000,2.507648200E+000,1.749646641E-018
       206,3.507176008E+000,2.410052052E+000,2.275842957E-019
       207,3.506566449E+000,2.507340758E+000,4.966917657E-019
       208,3.410000000E+000,2.316250000E+000,9.281057463E-019
       209,3.507320175E+000,2.314206538E+000,9.497982270E-018
       210,3.410000000E+000,2.222500000E+000,2.444129617E-017
       211,3.507278485E+000,2.218885876E+000,4.725235236E-016
       212,3.410000000E+000,2.128750000E+000,2.787144972E-016
       213,3.507139276E+000,2.123785062E+000,6.953975749E-015
       214,3.410000000E+000,2.035000000E+000,8.839477442E-015
       215,3.506880963E+000,2.028753286E+000,6.568739828E-014
       216,3.410000000E+000,1.941250000E+000,6.487741795E-014
       217,3.506361989E+000,1.933649123E+000,4.195285883E-013
       218,3.410000000E+000,1.847500000E+000,6.315737863E-013
       219,3.505250696E+000,1.838261062E+000,2.404951672E-012
       220,3.410000000E+000,1.753750000E+000,1.470510692E-011
       221,3.502807811E+000,1.742206673E+000,1.599156224E-011
       222,3.410000000E+000,1.660000000E+000,6.180583129E-011
       223,3.497172721E+000,1.644658680E+000,5.407071665E-011
       224,3.391231317E+000,1.554382819E+000,3.180141983E-010
       225,3.483066692E+000,1.543610905E+000,2.072846061E-010
       226,3.316250000E+000,1.660000000E+000,1.147395651E-010
       227,3.298514324E+000,1.559143877E+000,5.281645121E-010
       228,3.222500000E+000,1.660000000E+000,1.801232219E-010
       229,3.205459638E+000,1.561610966E+000,9.655956035E-010
       230,3.128750000E+000,1.660000000E+000,3.239876145E-010
       231,3.112224431E+000,1.563166712E+000,1.884157275E-009
       232,3.035000000E+000,1.660000000E+000,6.133433206E-010
       233,3.018985328E+000,1.564579755E+000,3.721311925E-009
       234,2.941250000E+000,1.660000000E+000,1.123907412E-009
       235,2.926036077E+000,1.566416397E+000,6.959430365E-009
       236,2.847500000E+000,1.660000000E+000,1.797646143E-009
       237,2.833951303E+000,1.569151312E+000,1.103097524E-008
       238,2.753750000E+000,1.660000000E+000,2.128733190E-009
       239,2.743707453E+000,1.572880904E+000,1.142929840E-008
       240,2.660000000E+000,1.660000000E+000,1.244912617E-009
       241,2.656013274E+000,1.576074220E+000,7.407777947E-009
       242,2.566022305E+000,1.663225593E+000,1.266815430E-009
       243,2.567227055E+000,1.573541921E+000,5.474122489E-009
       244,2.660000000E+000,1.753750000E+000,2.589138348E-010
       245,2.565338889E+000,1.756556447E+000,3.423651085E-010
       246,2.660000000E+000,1.847500000E+000,9.172511362E-011
       247,2.565050864E+000,1.851064172E+000,1.230305580E-010
       248,2.660000000E+000,1.941250000E+000,3.472856724E-011
       249,2.565028508E+000,1.945862405E+000,4.724781330E-011
       250,2.660000000E+000,2.035000000E+000,1.320434387E-011
       251,2.565221082E+000,2.040450422E+000,1.814196016E-011
       252,2.660000000E+000,2.128750000E+000,4.966234889E-012
       253,2.565575482E+000,2.134347371E+000,6.853687756E-012
       254,2.660000000E+000,2.222500000E+000,1.850501306E-012
       255,2.565819268E+000,2.226984270E+000,2.573567444E-012
       256,2.660000000E+000,2.316250000E+000,7.023128281E-013
       257,2.564929062E+000,2.317891050E+000,9.798858773E-013
       258,2.559972687E+000,2.407542664E+000,3.753061772E-013
       259,2.544083267E+000,2.499351099E+000,1.248865513E-013
       260,2.629684454E+000,2.600569854E+000,2.291601221E-014
       261,2.527993174E+000,2.596372273E+000,3.244910376E-014
       262,2.729184668E+000,2.602725313E+000,8.848375523E-015
       263,1.582222222E+000,3.000000000E+000,0.000000000E+000
       264,1.584149939E+000,2.916087151E+000,0.000000000E+000
       265,1.483333333E+000,3.000000000E+000,0.000000000E+000
       266,1.485813779E+000,2.916656593E+000,0.000000000E+000
       267,1.384444444E+000,3.000000000E+000,0.000000000E+000
       268,1.387168402E+000,2.917518048E+000,0.000000000E+000
       269,1.285555556E+000,3.000000000E+000,0.000000000E+000
       270,1.288638965E+000,2.918595919E+000,0.000000000E+000
       271,1.186666667E+000,3.000000000E+000,0.000000000E+000
       272,1.191087119E+000,2.919773674E+000,0.000000000E+000
       273,1.087777778E+000,3.000000000E+000,0.000000000E+000
       274,1.096123087E+000,2.920619102E+000,0.000000000E+000
       275,9.888888889E-001,3.000000000E+000,0.000000000E+000
       276,1.005883487E+000,2.919245669E+000,0.000000000E+000
       277,8.900000000E-001,3.000000000E+000,0.000000000E+000
       278,9.202228872E-001,2.908064124E+000,0.000000000E+000
       279,7.911111111E-001,3.000000000E+000,0.000000000E+000
       280,8.270996967E-001,2.857229693E+000,0.000000000E+000
       281,6.922222222E-001,3.000000000E+000,0.000000000E+000
       282,7.005743464E-001,2.870092388E+000,0.000000000E+000
       283,5.933333333E-001,3.000000000E+000,0.000000000E+000
       284,5.898368955E-001,2.876298388E+000,0.000000000E+000
       285,4.944444444E-001,3.000000000E+000,0.000000000E+000
       286,4.827153235E-001,2.881152954E+000,0.000000000E+000
       287,3.955555556E-001,3.000000000E+000,0.000000000E+000
       288,3.766784646E-001,2.888827348E+000,0.000000000E+000
       289,2.966666667E-001,3.000000000E+000,0.000000000E+000
       290,2.834950926E-001,2.908079059E+000,0.000000000E+000
       291,1.977777778E-001,3.000000000E+000,0.000000000E+000
       292,1.936507975E-001,2.907687920E+000,0.000000000E+000
       293,9.888888889E-002,3.000000000E+000,0.000000000E+000
       294,9.839923630E-002,2.903804398E+000,0.000000000E+000
       295,0.000000000E+000,2.900000000E+000,0.000000000E+000
       296,6.800000000E-001,1.080000000E+000,4.696889511E-014
       297,6.809495488E-001,1.177523665E+000,3.054145343E-014
       298,5.824739765E-001,1.178167125E+000,3.087754255E-014
       299,5.800000000E-001,1.080000000E+000,7.392767361E-014
       300,1.000000000E-001,0.000000000E+000,1.182120637E-016
       301,1.020461735E-001,9.799602415E-002,1.075546968E-018
       302,0.000000000E+000,1.000000000E-001,0.000000000E+000
       303,2.000000000E-001,0.000000000E+000,3.628456635E-015
       304,2.045063614E-001,9.578577070E-002,1.387175376E-015
       305,3.000000000E-001,0.000000000E+000,6.117657596E-012
       306,3.073687170E-001,9.341279887E-002,1.263029503E-012
       307,4.000000000E-001,0.000000000E+000,1.055332766E-010
       308,4.107373747E-001,9.168970928E-002,6.754379278E-010
       309,5.000000000E-001,0.000000000E+000,2.138987876E-009
       310,5.181662852E-001,9.389206832E-002,3.412350225E-008
       311,6.000000000E-001,0.000000000E+000,1.543552116E-006
       312,6.187048753E-001,8.742172330E-002,3.262407745E-006
       313,7.000000000E-001,0.000000000E+000,2.102996768E-005
       314,7.101412574E-001,8.349307336E-002,9.151174891E-005
       315,8.000000000E-001,0.000000000E+000,1.042205491E-003
       316,8.007852047E-001,8.480154097E-002,5.008639302E-003
       317,9.000000000E-001,0.000000000E+000,6.428715773E-003
       318,8.947023068E-001,8.966310871E-002,1.804349385E-002
       319,1.000000000E+000,0.000000000E+000,1.760347746E-002
       320,9.927946641E-001,9.346341984E-002,3.563429788E-002
       321,1.100000000E+000,0.000000000E+000,3.036099300E-002
       322,1.092731278E+000,9.581156373E-002,5.358195677E-002
       323,1.200000000E+000,0.000000000E+000,3.978339583E-002
       324,1.193321047E+000,9.697427373E-002,6.795328110E-002
       325,1.300000000E+000,0.000000000E+000,4.395552352E-002
       326,1.294018303E+000,9.744372817E-002,7.614339143E-002
       327,1.400000000E+000,0.000000000E+000,4.332218319E-002
       328,1.394614629E+000,9.759949179E-002,7.770683616E-002
       329,1.500000000E+000,0.000000000E+000,3.936899453E-002
       330,1.495068137E+000,9.765941128E-002,7.368778437E-002
       331,1.600000000E+000,0.000000000E+000,3.359034657E-002
       332,1.595386099E+000,9.772116305E-002,6.573989987E-002
       333,1.700000000E+000,0.000000000E+000,2.717356198E-002
       334,1.695591436E+000,9.784171659E-002,5.558348075E-002
       335,1.800000000E+000,0.000000000E+000,2.095226757E-002
       336,1.795711494E+000,9.808661527E-002,4.472340271E-002
       337,1.900000000E+000,0.000000000E+000,1.544242445E-002
       338,1.895774717E+000,9.856250894E-002,3.431880474E-002
       339,2.000000000E+000,0.000000000E+000,1.089883875E-002
       340,1.995832442E+000,9.943788191E-002,2.513863146E-002
       341,2.100000000E+000,0.000000000E+000,7.377270609E-003
       342,2.096019652E+000,1.009421747E-001,1.757700555E-002
       343,2.200000000E+000,0.000000000E+000,4.798380658E-003
       344,2.196644079E+000,1.033271463E-001,1.172071602E-002
       345,2.300000000E+000,0.000000000E+000,3.005668987E-003
       346,2.298313050E+000,1.067826515E-001,7.446241565E-003
       347,2.400000000E+000,0.000000000E+000,1.805278240E-003
       348,2.402010330E+000,1.112058946E-001,4.487386439E-003
       349,2.500000000E+000,0.000000000E+000,1.034884946E-003
       350,2.508600902E+000,1.150477881E-001,2.504417906E-003
       351,2.600000000E+000,0.000000000E+000,5.751368590E-004
       352,2.611935691E+000,1.081580767E-001,1.397660119E-003
       353,2.700000000E+000,0.000000000E+000,3.127555538E-004
       354,2.711603999E+000,1.024040128E-001,7.822047337E-004
       355,2.800000000E+000,0.000000000E+000,1.651803614E-004
       356,2.810018588E+000,9.907023158E-002,4.161890829E-004
       357,2.900000000E+000,0.000000000E+000,8.498039824E-005
       358,2.908317563E+000,9.734130706E-002,2.160505683E-004
       359,3.000000000E+000,0.000000000E+000,4.273730883E-005
       360,3.006808593E+000,9.651525301E-002,1.099314031E-004
       361,3.100000000E+000,0.000000000E+000,2.103907536E-005
       362,3.105515835E+000,9.618791281E-002,5.480072650E-005
       363,3.200000000E+000,0.000000000E+000,1.013313431E-005
       364,3.204414594E+000,9.615446480E-002,2.669960850E-005
       365,3.300000000E+000,0.000000000E+000,4.763047400E-006
       366,3.303489486E+000,9.632009670E-002,1.266209983E-005
       367,3.400000000E+000,0.000000000E+000,2.174615929E-006
       368,3.402730168E+000,9.664606789E-002,5.809634786E-006
       369,3.500000000E+000,0.000000000E+000,9.571931514E-007
       370,3.502116257E+000,9.711039250E-002,2.557166226E-006
       371,3.600000000E+000,0.000000000E+000,4.020380402E-007
       372,3.601609344E+000,9.767585945E-002,1.068197662E-006
       373,3.700000000E+000,0.000000000E+000,1.591116074E-007
       374,3.701168960E+000,9.828841402E-002,4.182691669E-007
       375,3.800000000E+000,0.000000000E+000,5.851125806E-008
       376,3.800767209E+000,9.889227800E-002,1.515687273E-007
       377,3.900000000E+000,0.000000000E+000,1.968702712E-008
       378,3.900381304E+000,9.946409960E-002,5.013658466E-008
       379,4.000000000E+000,1.000000000E-001,2.340559746E-008
       380,7.800000000E-001,1.080000000E+000,4.239588959E-014
       381,7.801757159E-001,1.177155866E+000,2.756775284E-014
       382,8.800000000E-001,1.080000000E+000,3.573303356E-014
       383,8.797830562E-001,1.176937909E+000,2.323845563E-014
       384,9.800000000E-001,1.080000000E+000,2.831635717E-014
       385,9.796205748E-001,1.176810907E+000,1.847557074E-014
       386,1.080000000E+000,1.080000000E+000,2.131480993E-014
       387,1.079603603E+000,1.176754178E+000,1.397144339E-014
       388,1.180000000E+000,1.080000000E+000,1.540218284E-014
       389,1.179668475E+000,1.176763145E+000,1.013790102E-014
       390,1.280000000E+000,1.080000000E+000,1.076950639E-014
       391,1.279760866E+000,1.176831926E+000,7.107382310E-015
       392,1.380000000E+000,1.080000000E+000,7.322188171E-015
       393,1.379835142E+000,1.176944148E+000,4.836190940E-015
       394,1.480000000E+000,1.080000000E+000,4.854297116E-015
       395,1.479857236E+000,1.177071754E+000,3.202730041E-015
       396,1.580000000E+000,1.080000000E+000,3.142423625E-015
       397,1.579806999E+000,1.177180650E+000,2.067486510E-015
       398,1.680000000E+000,1.080000000E+000,1.984740709E-015
       399,1.679679214E+000,1.177242211E+000,1.302348732E-015
       400,1.780000000E+000,1.080000000E+000,9.924544224E-016
       401,1.779468086E+000,1.177235680E+000,8.008054889E-016
       402,1.880000000E+000,1.080000000E+000,2.318576140E-016
       403,1.879110761E+000,1.177141273E+000,5.240953363E-016
       404,1.980000000E+000,1.080000000E+000,5.577032976E-013
       405,1.978316249E+000,1.176929657E+000,2.595385658E-013
       406,2.080000000E+000,1.080000000E+000,5.053960805E-009
       407,2.076040960E+000,1.176581330E+000,3.347281436E-012
       408,2.169571093E+000,1.084039942E+000,4.049672668E-007
       409,2.168723032E+000,1.176317008E+000,8.062544521E-010
       410,2.080000000E+000,9.800000000E-001,2.656659035E-006
       411,2.171510233E+000,9.892217059E-001,1.020116179E-005
       412,2.080000000E+000,8.800000000E-001,8.153927411E-006
       413,2.173221351E+000,8.922254732E-001,7.678543625E-005
       414,2.080000000E+000,7.800000000E-001,6.107550871E-005
       415,2.174502681E+000,7.939791930E-001,3.814494703E-004
       416,2.080000000E+000,6.800000000E-001,2.141625155E-003
       417,2.175641120E+000,6.953145937E-001,2.351010218E-003
       418,2.080000000E+000,5.800000000E-001,1.387861837E-002
       419,2.177088350E+000,5.971189348E-001,1.082452666E-002
       420,2.081399967E+000,4.913026912E-001,4.174021631E-002
       421,2.179556702E+000,5.018902990E-001,3.257160261E-002
       422,1.980000000E+000,5.800000000E-001,2.684336156E-002
       423,1.981989922E+000,4.873575204E-001,5.299843848E-002
       424,1.880000000E+000,5.800000000E-001,3.435761109E-002
       425,1.882180889E+000,4.856525132E-001,6.624035537E-002
       426,1.780000000E+000,5.800000000E-001,4.379967600E-002
       427,1.782193467E+000,4.848722964E-001,8.069206774E-002
       428,1.680000000E+000,5.800000000E-001,5.502892658E-002
       429,1.682082700E+000,4.845137248E-001,9.565237164E-002
       430,1.580000000E+000,5.800000000E-001,6.783584505E-002
       431,1.581846441E+000,4.843642951E-001,1.102402881E-001
       432,1.480000000E+000,5.800000000E-001,8.180384338E-002
       433,1.481469377E+000,4.843261528E-001,1.234479845E-001
       434,1.380000000E+000,5.800000000E-001,9.612721950E-002
       435,1.380934112E+000,4.843587103E-001,1.341916174E-001
       436,1.280000000E+000,5.800000000E-001,1.094925851E-001
       437,1.280136211E+000,4.843587931E-001,1.415465325E-001
       438,1.180000000E+000,5.800000000E-001,1.200682893E-001
       439,1.178936081E+000,4.840061105E-001,1.450014710E-001
       440,1.080000000E+000,5.800000000E-001,1.251921058E-001
       441,1.077085552E+000,4.829519927E-001,1.442624778E-001
       442,9.800000000E-001,5.800000000E-001,1.206839457E-001
       443,9.740319153E-001,4.812218693E-001,1.377149820E-001
       444,8.800000000E-001,5.800000000E-001,1.003094092E-001
       445,8.696279090E-001,4.808975162E-001,1.226874739E-001
       446,7.800000000E-001,5.800000000E-001,4.331446812E-002
       447,7.745482960E-001,4.937057016E-001,5.009473860E-002
       448,6.800000000E-001,5.800000000E-001,7.039977936E-004
       449,6.864445019E-001,5.026828209E-001,5.830024020E-004
       450,5.800000000E-001,5.800000000E-001,8.246985999E-006
       451,5.996911320E-001,5.046234203E-001,8.729077763E-007
       452,4.987689913E-001,5.878139860E-001,7.371518396E-010
       453,5.153813151E-001,5.030273991E-001,1.476929246E-009
       454,5.800000000E-001,6.800000000E-001,1.137866051E-010
       455,4.915778557E-001,6.833838001E-001,4.743151705E-011
       456,5.800000000E-001,7.800000000E-001,6.592867745E-012
       457,4.880958533E-001,7.819233254E-001,3.323267442E-012
       458,5.800000000E-001,8.800000000E-001,4.177592788E-013
       459,4.863611083E-001,8.814548407E-001,2.071249259E-013
       460,5.800000000E-001,9.800000000E-001,1.412395320E-013
       461,4.855131578E-001,9.812228871E-001,7.307992238E-014
       462,4.852427443E-001,1.080787694E+000,3.704629377E-014
       463,4.857441751E-001,1.179562675E+000,1.516510170E-014
       464,5.832097558E-001,1.275959045E+000,7.380026969E-015
       465,4.858559497E-001,1.277801636E+000,3.284428698E-015
       466,6.814300629E-001,1.274843640E+000,7.919742810E-015
       467,0.000000000E+000,2.800000000E+000,0.000000000E+000
       468,1.009131813E-001,2.807549919E+000,0.000000000E+000
       469,0.000000000E+000,2.700000000E+000,0.000000000E+000
       470,1.094749424E-001,2.707911376E+000,0.000000000E+000
       471,0.000000000E+000,2.600000000E+000,0.000000000E+000
       472,1.162692808E-001,2.601707333E+000,0.000000000E+000
       473,0.000000000E+000,2.500000000E+000,0.000000000E+000
       474,1.201226554E-001,2.491497110E+000,0.000000000E+000
       475,0.000000000E+000,2.400000000E+000,0.000000000E+000
       476,1.124167223E-001,2.385656139E+000,1.961817850E-044
       477,0.000000000E+000,2.300000000E+000,0.000000000E+000
       478,1.057292298E-001,2.284660898E+000,1.066948651E-041
       479,0.000000000E+000,2.200000000E+000,0.000000000E+000
       480,1.015842242E-001,2.185652933E+000,4.478884802E-039
       481,0.000000000E+000,2.100000000E+000,0.000000000E+000
       482,9.919751181E-002,2.087139562E+000,2.077463509E-038
       483,0.000000000E+000,2.000000000E+000,0.000000000E+000
       484,9.783603061E-002,1.988589999E+000,9.437171993E-036
       485,0.000000000E+000,1.900000000E+000,0.000000000E+000
       486,9.706964278E-002,1.889871827E+000,3.390020648E-033
       487,0.000000000E+000,1.800000000E+000,0.000000000E+000
       488,9.668040221E-002,1.790976510E+000,6.866088217E-033
       489,0.000000000E+000,1.700000000E+000,0.000000000E+000
       490,9.656326062E-002,1.691919957E+000,2.633754150E-030
       491,0.000000000E+000,1.600000000E+000,0.000000000E+000
       492,9.665270311E-002,1.592716398E+000,5.467068481E-028
       493,0.000000000E+000,1.500000000E+000,0.000000000E+000
       494,9.688127348E-002,1.493374204E+000,8.177950752E-027
       495,0.000000000E+000,1.400000000E+000,0.000000000E+000
       496,9.717598480E-002,1.393893745E+000,5.828562277E-026
       497,0.000000000E+000,1.300000000E+000,0.000000000E+000
       498,9.747922021E-002,1.294262137E+000,2.674242660E-025
       499,0.000000000E+000,1.200000000E+000,0.000000000E+000
       500,9.777452722E-002,1.194466759E+000,1.144893948E-024
       501,0.000000000E+000,1.100000000E+000,0.000000000E+000
       502,9.809715998E-002,1.094512691E+000,5.502581704E-024
       503,0.000000000E+000,1.000000000E+000,0.000000000E+000
       504,9.853258618E-002,9.944385187E-001,3.678985360E-023
       505,0.000000000E+000,9.000000000E-001,0.000000000E+000
       506,9.919411315E-002,8.943323324E-001,7.104155040E-023
       507,0.000000000E+000,8.000000000E-001,0.000000000E+000
       508,1.002123956E-001,7.942997410E-001,5.576036803E-023
       509,0.000000000E+000,7.000000000E-001,0.000000000E+000
       510,1.017318555E-001,6.943946452E-001,3.783399075E-020
       511,0.000000000E+000,6.000000000E-001,0.000000000E+000
       512,1.038440538E-001,5.945326182E-001,3.879250244E-020
       513,0.000000000E+000,5.000000000E-001,0.000000000E+000
       514,1.063183367E-001,4.943610309E-001,0.000000000E+000
       515,0.000000000E+000,4.000000000E-001,0.000000000E+000
       516,1.081195811E-001,3.940394957E-001,2.572941418E-019
       517,0.000000000E+000,3.000000000E-001,0.000000000E+000
       518,1.067691814E-001,2.945171871E-001,3.704905516E-019
       519,0.000000000E+000,2.000000000E-001,0.000000000E+000
       520,1.045316648E-001,1.960092639E-001,1.235099691E-019
       521,4.000000000E+000,2.000000000E-001,5.206420184E-008
       522,3.900739414E+000,1.989543895E-001,1.119004907E-007
       523,4.000000000E+000,3.000000000E-001,8.962445719E-008
       524,3.901048194E+000,2.985072963E-001,1.934240004E-007
       525,4.000000000E+000,4.000000000E-001,1.748451126E-007
       526,3.901298363E+000,3.981382180E-001,3.846292032E-007
       527,4.000000000E+000,5.000000000E-001,2.380423467E-007
       528,3.901489839E+000,4.978410418E-001,5.106277854E-007
       529,4.000000000E+000,6.000000000E-001,1.913675192E-007
       530,3.901627910E+000,5.976044039E-001,3.836441920E-007
       531,4.000000000E+000,7.000000000E-001,1.051305176E-007
       532,3.901716830E+000,6.974121998E-001,1.931476987E-007
       533,4.000000000E+000,8.000000000E-001,4.579156965E-008
       534,3.901740934E+000,7.972375074E-001,7.722099582E-008
       535,4.000000000E+000,9.000000000E-001,1.630639623E-008
       536,3.901637601E+000,8.970412097E-001,2.536517130E-008
       537,4.000000000E+000,1.000000000E+000,4.633039286E-009
       538,3.901270458E+000,9.967856720E-001,6.650246132E-009
       539,4.000000000E+000,1.100000000E+000,1.002038341E-009
       540,3.900414292E+000,1.096504797E+000,1.310397124E-009
       541,4.000000000E+000,1.200000000E+000,1.687098933E-010
       542,3.898797724E+000,1.196438946E+000,2.027233520E-010
       543,4.000000000E+000,1.300000000E+000,3.468592774E-011
       544,3.896369226E+000,1.297161879E+000,5.005676776E-011
       545,4.000000000E+000,1.400000000E+000,1.209939614E-011
       546,3.894090856E+000,1.399362090E+000,2.133390166E-011
       547,4.000000000E+000,1.500000000E+000,5.516503053E-012
       548,3.894738761E+000,1.502452019E+000,1.001963356E-011
       549,4.000000000E+000,1.600000000E+000,2.664035008E-012
       550,3.896363137E+000,1.604627475E+000,4.748223949E-012
       551,4.000000000E+000,1.700000000E+000,1.203558629E-012
       552,3.897882868E+000,1.705662346E+000,2.050681673E-012
       553,4.000000000E+000,1.800000000E+000,4.905536697E-013
       554,3.898993498E+000,1.805846705E+000,7.910276167E-013
       555,4.000000000E+000,1.900000000E+000,1.754899530E-013
       556,3.899722293E+000,1.905511657E+000,2.668295543E-013
       557,4.000000000E+000,2.000000000E+000,5.291464627E-014
       558,3.900186426E+000,2.004909167E+000,7.573616349E-014
       559,4.000000000E+000,2.100000000E+000,1.266928524E-014
       560,3.900497151E+000,2.104204578E+000,1.701683262E-014
       561,4.000000000E+000,2.200000000E+000,2.204371270E-015
       562,3.900720454E+000,2.203494733E+000,2.752650403E-015
       563,4.000000000E+000,2.300000000E+000,2.402280200E-016
       564,3.900866826E+000,2.302829028E+000,2.712902799E-016
       565,4.000000000E+000,2.400000000E+000,1.174979537E-017
       566,3.900910070E+000,2.402230000E+000,1.084494415E-017
       567,4.000000000E+000,2.500000000E+000,6.478362235E-020
       568,3.900820461E+000,2.501706510E+000,3.483498282E-020
       569,4.000000000E+000,2.600000000E+000,6.649227033E-022
       570,3.900592259E+000,2.601256740E+000,1.688267148E-021
       571,4.000000000E+000,2.700000000E+000,2.219388591E-022
       572,3.900250788E+000,2.700873680E+000,5.697729010E-022
       573,4.000000000E+000,2.800000000E+000,3.961430696E-023
       574,3.899838114E+000,2.800547833E+000,1.018202776E-022
       575,4.000000000E+000,2.900000000E+000,4.335195360E-024
       576,3.899393746E+000,2.900261921E+000,1.116449911E-023
       577,3.898947368E+000,3.000000000E+000,1.261865158E-024
       578,3.797894737E+000,3.000000000E+000,5.159743544E-024
       579,3.798820739E+000,2.900514811E+000,4.563006241E-023
       580,3.696842105E+000,3.000000000E+000,2.071110288E-023
       581,3.698320426E+000,2.900743324E+000,1.832400442E-022
       582,3.595789474E+000,3.000000000E+000,8.141943212E-023
       583,3.597923361E+000,2.900916428E+000,7.203804580E-022
       584,3.494736842E+000,3.000000000E+000,3.131264088E-022
       585,3.497658092E+000,2.901008442E+000,2.766059859E-021
       586,3.393684211E+000,3.000000000E+000,1.178699657E-021
       587,3.397536377E+000,2.901011398E+000,1.037353554E-020
       588,3.292631579E+000,3.000000000E+000,4.348473940E-021
       589,3.297543521E+000,2.900938081E+000,3.804062435E-020
       590,3.191578947E+000,3.000000000E+000,1.574550413E-020
       591,3.197632874E+000,2.900813224E+000,1.365679456E-019
       592,3.090526316E+000,3.000000000E+000,5.607180784E-020
       593,3.097730364E+000,2.900660915E+000,4.805258648E-019
       594,2.989473684E+000,3.000000000E+000,1.981296478E-019
       595,2.997741054E+000,2.900491935E+000,1.660031445E-018
       596,2.888421053E+000,3.000000000E+000,6.953119446E-019
       597,2.897558575E+000,2.900298316E+000,5.654771276E-018
       598,2.787368421E+000,3.000000000E+000,2.237663350E-018
       599,2.797076569E+000,2.900053972E+000,1.813113067E-017
       600,2.686315790E+000,3.000000000E+000,5.997600417E-018
       601,2.696196336E+000,2.899710085E+000,4.998700087E-017
       602,2.585263158E+000,3.000000000E+000,1.147522931E-017
       603,2.594830796E+000,2.899205720E+000,1.023050033E-016
       604,2.484210526E+000,3.000000000E+000,1.203438769E-017
       605,2.492906359E+000,2.898517789E+000,1.136916871E-016
       606,2.383157895E+000,3.000000000E+000,6.841981010E-018
       607,2.390367653E+000,2.897744460E+000,6.703346614E-017
       608,2.282105263E+000,3.000000000E+000,2.118056343E-018
       609,2.287208694E+000,2.897152307E+000,2.096298515E-017
       610,7.191427586E-001,1.624416792E-001,1.277331542E-002
       611,7.988789000E-001,1.665938483E-001,4.805785418E-002
       612,6.427068354E-001,1.699378874E-001,9.713009604E-006
       613,6.447009861E-001,3.222940569E-001,1.589951104E-008
       614,5.870187157E-001,3.031055648E-001,8.449246636E-009
       615,6.254321030E-001,2.587463757E-001,4.425271882E-008
       616,1.584609909E+000,2.579529390E+000,0.000000000E+000
       617,1.585708867E+000,2.663959259E+000,0.000000000E+000
       618,1.585840826E+000,2.748183819E+000,0.000000000E+000
       619,1.585215277E+000,2.832237873E+000,0.000000000E+000
       620,2.293276223E+000,2.793804855E+000,2.087395570E-016
       621,2.301200732E+000,2.688889860E+000,1.447144567E-015
       622,2.312606449E+000,2.579703634E+000,7.931126933E-015
       623,2.333044769E+000,2.456295574E+000,5.726591889E-014
       624,2.299903479E+000,2.350841046E+000,8.717532311E-014
       625,2.286919784E+000,2.253524866E+000,2.165780982E-013
       626,2.280939057E+000,2.156450527E+000,5.252103548E-013
       627,2.278072608E+000,2.058376561E+000,1.128035274E-012
       628,2.276730497E+000,1.959487300E+000,2.121430635E-012
       629,2.276204746E+000,1.860236216E+000,4.603417474E-012
       630,2.276207399E+000,1.761078077E+000,1.179291387E-011
       631,2.276641067E+000,1.662379142E+000,3.835605791E-011
       632,2.277416660E+000,1.564216914E+000,1.743284128E-010
       633,2.177793176E+000,1.465882954E+000,2.155328650E-012
       634,2.278286401E+000,1.465396541E+000,9.528229317E-010
       635,2.078071087E+000,1.466521059E+000,2.991077895E-015
       636,1.978522602E+000,1.467049067E+000,3.949776837E-017
       637,1.878963763E+000,1.467373293E+000,1.631402414E-018
       638,1.779332531E+000,1.467497072E+000,1.733706457E-018
       639,1.679596423E+000,1.467460919E+000,2.054675696E-018
       640,1.579737781E+000,1.467319657E+000,2.639993867E-018
       641,1.479757030E+000,1.467130440E+000,3.539616683E-018
       642,1.379673723E+000,1.466945721E+000,4.731533074E-018
       643,1.279525477E+000,1.466810718E+000,6.012413154E-018
       644,1.179369580E+000,1.466760168E+000,6.904622157E-018
       645,1.079284659E+000,1.466806652E+000,6.723748776E-018
       646,9.793593055E-001,1.466940770E+000,4.992967229E-018
       647,8.796721180E-001,1.467168432E+000,2.221641069E-018
       648,7.802894107E-001,1.467567962E+000,5.746013744E-019
       649,6.812930187E-001,1.468343096E+000,3.595963244E-019
       650,5.828206010E-001,1.469858717E+000,2.229725053E-019
       651,4.850517478E-001,1.472608820E+000,7.275224740E-020
       652,3.871076344E-001,1.573698157E+000,2.230530841E-022
       653,3.877023050E-001,1.476504448E+000,9.400228105E-022
       654,3.867339109E-001,1.670331819E+000,1.347500767E-025
       655,3.867813175E-001,1.766487181E+000,8.427353287E-028
       656,3.872117086E-001,1.862255299E+000,7.610629653E-030
       657,3.880438451E-001,1.957615550E+000,9.930331626E-033
       658,3.893979815E-001,2.052388081E+000,6.445744639E-035
       659,3.914510145E-001,2.146156775E+000,3.154753322E-037
       660,3.943229907E-001,2.238166159E+000,2.979482834E-040
       661,3.973585774E-001,2.327318207E+000,6.361895028E-043
       662,3.968132529E-001,2.413533234E+000,1.401298464E-045
       663,3.706544602E-001,2.509636905E+000,0.000000000E+000
       664,4.686667673E-001,2.635874628E+000,0.000000000E+000
       665,3.535431085E-001,2.629037041E+000,0.000000000E+000
       666,5.783975483E-001,2.635499636E+000,0.000000000E+000
       667,6.855877580E-001,2.630807425E+000,0.000000000E+000
       668,7.910979581E-001,2.621772584E+000,0.000000000E+000
       669,8.931339061E-001,2.608818189E+000,0.000000000E+000
       670,9.919002432E-001,2.598808355E+000,0.000000000E+000
       671,1.090004259E+000,2.592021786E+000,0.000000000E+000
       672,1.188644985E+000,2.587388833E+000,0.000000000E+000
       673,1.287799338E+000,2.584315412E+000,0.000000000E+000
       674,1.386911006E+000,2.582076137E+000,0.000000000E+000
       675,1.485819850E+000,2.580535891E+000,0.000000000E+000
       676,3.801482584E+000,1.978328426E-001,3.396341697E-007
       677,3.802105668E+000,2.968912753E-001,5.889291401E-007
       678,3.802610155E+000,3.961017196E-001,1.195575237E-006
       679,3.802986695E+000,4.954499266E-001,1.529041810E-006
       680,3.803243863E+000,5.949267175E-001,1.049752427E-006
       681,3.803399840E+000,6.945115321E-001,4.748104345E-007
       682,3.803436392E+000,7.941282917E-001,1.706769979E-007
       683,3.803254844E+000,8.936571287E-001,5.015031590E-008
       684,3.802620962E+000,9.929649529E-001,1.149793327E-008
       685,3.801078848E+000,1.092018604E+000,1.878050160E-009
       686,3.797847846E+000,1.191180362E+000,2.624583606E-010
       687,3.791965011E+000,1.291811764E+000,1.116448600E-010
       688,3.784291824E+000,1.396878392E+000,5.712810433E-011
       689,3.787960858E+000,1.505406915E+000,2.545807488E-011
       690,3.792637327E+000,1.610286879E+000,1.145266694E-011
       691,3.796202836E+000,1.712256087E+000,4.595748261E-012
       692,3.798541343E+000,1.812436759E+000,1.640525389E-012
       693,3.799974647E+000,1.911617660E+000,5.097927289E-013
       694,3.800841293E+000,2.010298798E+000,1.320263208E-013
       695,3.801388766E+000,2.108785704E+000,2.660090200E-014
       696,3.801750216E+000,2.207258208E+000,3.733476862E-015
       697,3.801956267E+000,2.305820474E+000,2.934879694E-016
       698,3.801973454E+000,2.404535978E+000,6.361075572E-018
       699,3.801754370E+000,2.503438673E+000,9.464583605E-021
       700,3.801283078E+000,2.602518336E+000,6.898483553E-021
       701,3.800593673E+000,2.701744393E+000,2.332312477E-021
       702,3.799752180E+000,2.801091040E+000,4.159106933E-022
       703,1.487249520E+000,2.833232024E+000,0.000000000E+000
       704,1.388748237E+000,2.834722216E+000,0.000000000E+000
       705,1.290476605E+000,2.836682762E+000,0.000000000E+000
       706,1.193718485E+000,2.839126398E+000,0.000000000E+000
       707,1.101157297E+000,2.841964027E+000,0.000000000E+000
       708,1.018002711E+000,2.844996360E+000,0.000000000E+000
       709,9.546731813E-001,2.846743915E+000,0.000000000E+000
       710,9.241944799E-001,2.789255909E+000,0.000000000E+000
       711,5.819225360E-001,2.754391734E+000,0.000000000E+000
       712,6.927635021E-001,2.746476823E+000,0.000000000E+000
       713,4.678895737E-001,2.759457529E+000,0.000000000E+000
       714,3.386115395E-001,2.766539384E+000,0.000000000E+000
       715,2.686214192E-001,2.834822362E+000,0.000000000E+000
       716,1.949541616E-001,2.818804831E+000,0.000000000E+000
       717,2.199992033E-001,2.724040064E+000,0.000000000E+000
       718,2.363383958E-001,2.607929728E+000,0.000000000E+000
       719,2.561957102E-001,2.474621132E+000,4.203895393E-045
       720,2.217241506E-001,2.365068792E+000,8.183583032E-043
       721,2.078399002E-001,2.267210585E+000,2.303566520E-040
       722,2.009641250E-001,2.170982633E+000,8.045284682E-039
       723,1.972757094E-001,2.074492253E+000,2.090630048E-036
       724,1.951972522E-001,1.977484102E+000,1.145156862E-033
       725,1.940292915E-001,1.880033804E+000,4.463680821E-033
       726,1.934357330E-001,1.782234756E+000,1.966088405E-030
       727,1.932599358E-001,1.684139082E+000,8.897729898E-028
       728,1.934090985E-001,1.585765471E+000,4.580754654E-027
       729,1.937801446E-001,1.487120472E+000,5.238334699E-025
       730,1.942583987E-001,1.388207962E+000,8.267467391E-024
       731,1.947511609E-001,1.289007535E+000,5.453575298E-023
       732,1.952371005E-001,1.189514787E+000,2.145100361E-022
       733,1.957839251E-001,1.089748027E+000,6.173645639E-022
       734,1.965565256E-001,9.897741615E-001,1.683522876E-021
       735,1.977839827E-001,8.897331541E-001,1.793361172E-020
       736,1.997783230E-001,7.897905785E-001,1.166023518E-019
       737,2.029673717E-001,6.900408480E-001,8.606054922E-018
       738,2.078486457E-001,5.903843039E-001,3.323903861E-017
       739,2.144566844E-001,4.894625085E-001,3.190714217E-017
       740,2.099065610E-001,1.914597209E-001,1.618168566E-015
       741,2.155717742E-001,2.878649772E-001,2.837774514E-016
       742,3.158543163E-001,1.859620934E-001,1.387854133E-012
       743,4.209679501E-001,1.808553686E-001,6.338009562E-010
       744,5.455385657E-001,1.944812135E-001,9.261002987E-008
       745,8.882515013E-001,1.777223402E-001,8.473396301E-002
       746,9.857072963E-001,1.861768997E-001,1.055323705E-001
       747,1.086187967E+000,1.910928370E-001,1.230252162E-001
       748,1.187450661E+000,1.935076497E-001,1.372901052E-001
       749,1.288733204E+000,1.944966005E-001,1.468311697E-001
       750,1.389788955E+000,1.948205748E-001,1.502622515E-001
       751,1.490575410E+000,1.949333836E-001,1.469508708E-001
       752,1.591125976E+000,1.950496262E-001,1.372119784E-001
       753,1.691480975E+000,1.952840709E-001,1.222310811E-001
       754,1.791682506E+000,1.957657432E-001,1.038119420E-001
       755,1.891775329E+000,1.966989829E-001,8.399527520E-002
       756,1.991837678E+000,1.984085556E-001,6.467299163E-002
       757,2.092061985E+000,2.013557743E-001,4.729961976E-002
       758,2.192917526E+000,2.061135791E-001,3.278622404E-002
       759,2.295517883E+000,2.133867439E-001,2.163415961E-002
       760,2.402707786E+000,2.247061605E-001,1.389125921E-002
       761,2.524428193E+000,2.454306151E-001,8.351604454E-003
       762,2.629174019E+000,2.143553735E-001,3.404236864E-003
       763,2.725036842E+000,2.023867926E-001,1.768700662E-003
       764,2.820406744E+000,1.969257212E-001,9.232228040E-004
       765,2.916592173E+000,1.943011636E-001,4.768630897E-004
       766,3.013522020E+000,1.930654443E-001,2.422865364E-004
       767,3.110964330E+000,1.925838408E-001,1.207916575E-004
       768,3.208777965E+000,1.925691439E-001,5.894645074E-005
       769,3.306915172E+000,1.928972558E-001,2.804736687E-005
       770,3.405370900E+000,1.935221222E-001,1.292957859E-005
       771,3.504129709E+000,1.944150848E-001,5.719408364E-006
       772,3.603120527E+000,1.955004866E-001,2.397390062E-006
       773,3.702256961E+000,1.966770309E-001,9.392241509E-007
       774,3.699791186E+000,2.801571423E+000,1.671361948E-021
       775,3.600018956E+000,2.801950461E+000,6.570569044E-021
       776,3.500494254E+000,2.802182332E+000,2.516038500E-020
       777,3.401248967E+000,2.802249062E+000,9.388825655E-020
       778,3.302264545E+000,2.802171227E+000,3.421757198E-019
       779,3.203451765E+000,2.801990298E+000,1.219805509E-018
       780,3.104677551E+000,2.801747146E+000,4.252129797E-018
       781,3.005782331E+000,2.801461408E+000,1.447161581E-017
       782,2.906587907E+000,2.801116239E+000,4.801775184E-017
       783,2.806900481E+000,2.800647291E+000,1.533500873E-016
       784,2.706509989E+000,2.799933888E+000,4.317965383E-016
       785,2.605190642E+000,2.798817903E+000,9.278789598E-016
       786,2.502707614E+000,2.797196841E+000,1.082531929E-015
       787,2.398838092E+000,2.795243820E+000,6.634433734E-016
       788,5.093192014E-001,2.734451767E-001,2.623005368E-009
       789,3.263672198E-001,2.779029744E-001,1.947213820E-013
       790,4.207864902E-001,2.599813981E-001,4.300311843E-011
       791,5.605782600E-001,3.603501207E-001,8.522601513E-010
       792,4.871674251E-001,3.414344750E-001,4.629823955E-011
       793,6.284106981E-001,3.709929334E-001,5.848440066E-010
       794,6.868046612E-001,3.671291160E-001,9.951477841E-005
       795,8.764188492E-001,2.663482738E-001,2.040214539E-001
       796,7.803298157E-001,1.274193414E+000,7.085283220E-015
       797,8.797068068E-001,1.273814200E+000,5.941742154E-015
       798,9.794215371E-001,1.273594226E+000,4.754548822E-015
       799,1.079368480E+000,1.273487993E+000,3.638388944E-015
       800,1.179453686E+000,1.273484575E+000,2.669810157E-015
       801,1.279590729E+000,1.273575613E+000,1.884597274E-015
       802,1.379706750E+000,1.273737154E+000,1.284028468E-015
       803,1.479747619E+000,1.273928357E+000,8.473075447E-016
       804,1.579680640E+000,1.274099631E+000,5.436100225E-016
       805,1.679494755E+000,1.274202308E+000,3.417216518E-016
       806,1.779184805E+000,1.274188606E+000,2.127049814E-016
       807,1.878709072E+000,1.273999433E+000,1.343045912E-016
       808,1.977901807E+000,1.273522609E+000,8.766444568E-015
       809,2.076373953E+000,1.272470443E+000,2.153923605E-013
       810,2.173739243E+000,1.269975248E+000,8.898004555E-011
       811,2.254190448E+000,1.173679795E+000,2.857015033E-007
       812,2.272354054E+000,1.262845922E+000,3.374124447E-008
       813,2.256923488E+000,1.089556486E+000,5.684352800E-006
       814,2.262153006E+000,9.997132508E-001,4.553356848E-005
       815,2.266290637E+000,9.053855870E-001,2.206507197E-004
       816,2.269132360E+000,8.085834450E-001,8.605002076E-004
       817,2.271369237E+000,7.107182470E-001,2.866041847E-003
       818,2.273844174E+000,6.127523977E-001,9.049396031E-003
       819,2.277387325E+000,5.154018704E-001,2.437490970E-002
       820,2.183559492E+000,4.057203389E-001,8.029854298E-002
       821,2.282533587E+000,4.173015248E-001,5.789907277E-002
       822,2.084349739E+000,3.974316710E-001,1.049322262E-001
       823,1.984746158E+000,3.928598817E-001,1.309549809E-001
       824,1.884894725E+000,3.904698276E-001,1.565828323E-001
       825,1.784863201E+000,3.892546933E-001,1.798627377E-001
       826,1.684661869E+000,3.886597509E-001,1.992883831E-001
       827,1.584269582E+000,3.883954702E-001,2.139474303E-001
       828,1.483653630E+000,3.883115345E-001,2.235028744E-001
       829,1.382759896E+000,3.883148305E-001,2.280893475E-001
       830,1.281443074E+000,3.881372508E-001,2.283261716E-001
       831,1.179517479E+000,3.872050316E-001,2.254013717E-001
       832,1.076394358E+000,3.846483188E-001,2.210875750E-001
       833,9.697076530E-001,3.791404612E-001,2.175716460E-001
       834,8.489105903E-001,3.670916488E-001,2.392621487E-001
       835,7.627155680E-001,4.098489227E-001,9.574946761E-002
       836,6.889358500E-001,4.292841483E-001,1.914621535E-004
       837,6.145059897E-001,4.332614581E-001,2.874444078E-007
       838,5.364254243E-001,4.268133694E-001,1.531267335E-009
       839,4.254704542E-001,4.959837327E-001,4.764229376E-012
       840,4.518083544E-001,4.107603055E-001,6.799667600E-012
       841,4.085487062E-001,5.883834274E-001,1.635971957E-012
       842,3.993004415E-001,6.852554880E-001,3.072079741E-014
       843,3.943126651E-001,7.839885243E-001,2.386459848E-015
       844,3.916234637E-001,8.835178250E-001,1.925685730E-016
       845,3.901829928E-001,9.832705306E-001,8.997245508E-017
       846,3.894519639E-001,1.082861886E+000,4.321877087E-017
       847,3.891445266E-001,1.182004083E+000,1.704618568E-017
       848,3.888033537E-001,1.280684809E+000,4.001385297E-018
       849,4.856392492E-001,1.375632604E+000,2.853428212E-016
       850,3.883349425E-001,1.378898447E+000,3.390334157E-019
       851,5.833034950E-001,1.373255406E+000,6.950409317E-016
       852,6.815939510E-001,1.371818282E+000,7.811054613E-016
       853,2.827256820E+000,2.603834620E+000,2.788348606E-015
       854,2.924455012E+000,2.604456803E+000,8.249865855E-016
       855,3.021141819E+000,2.604870464E+000,2.380169993E-016
       856,3.117571349E+000,2.605194042E+000,6.786026956E-017
       857,3.213952986E+000,2.605447360E+000,1.923117831E-017
       858,3.310497488E+000,2.605593345E+000,5.427240773E-018
       859,3.407457058E+000,2.605565067E+000,1.520642930E-018
       860,3.505130652E+000,2.605275582E+000,4.169093426E-019
       861,3.604457445E+000,2.506411611E+000,1.326835572E-019
       862,3.603422221E+000,2.604622517E+000,1.099722536E-019
       863,3.604964038E+000,2.408694128E+000,7.819799742E-020
       864,3.605085793E+000,2.311665115E+000,8.494913942E-017
       865,3.604976038E+000,2.215073201E+000,2.321012153E-015
       866,3.604700412E+000,2.118712305E+000,2.479238840E-014
       867,3.604206054E+000,2.022405542E+000,1.731304987E-013
       868,3.603278821E+000,1.925934048E+000,9.080249031E-013
       869,3.601463219E+000,1.828960224E+000,3.787701489E-012
       870,3.597894501E+000,1.730937975E+000,1.359128868E-011
       871,3.590973886E+000,1.631045565E+000,4.134625281E-011
       872,3.578029710E+000,1.528635135E+000,1.304987091E-010
       873,3.464531140E+000,1.445127021E+000,7.293270432E-010
       874,3.557363693E+000,1.427248891E+000,4.068490267E-010
       875,3.373198431E+000,1.455453594E+000,1.345419554E-009
       876,3.281269231E+000,1.461184087E+000,2.611761030E-009
       877,3.188711063E+000,1.464621811E+000,5.293560257E-009
       878,3.095761276E+000,1.467128897E+000,1.095900526E-008
       879,3.002719593E+000,1.469748998E+000,2.244528297E-008
       880,2.910084579E+000,1.473482156E+000,4.335877080E-008
       881,2.819005403E+000,1.479436710E+000,7.179532702E-008
       882,2.732071903E+000,1.488518312E+000,7.053326812E-008
       883,2.653332893E+000,1.498402281E+000,4.089421424E-008
       884,2.572549529E+000,1.487199215E+000,2.716499381E-008
       885,2.473708867E+000,1.569203224E+000,5.175080808E-009
       886,2.479737730E+000,1.475044377E+000,2.900095630E-008
       887,2.471120946E+000,1.663255203E+000,1.161859831E-009
       888,2.469961470E+000,1.758421301E+000,3.435269569E-010
       889,2.469555908E+000,1.854293009E+000,1.255062998E-010
       890,2.469667668E+000,1.950298881E+000,4.932806247E-011
       891,2.470279823E+000,2.045802750E+000,1.917013943E-011
       892,2.471470201E+000,2.139962369E+000,7.232864481E-012
       893,2.473161216E+000,2.231532816E+000,2.672040540E-012
       894,2.474408107E+000,2.318807394E+000,9.797229217E-013
       895,2.471310731E+000,2.400657720E+000,3.890819145E-013
       896,2.443746862E+000,2.487426455E+000,1.112329155E-013
       897,2.423500290E+000,2.588844063E+000,2.394591449E-014
       898,2.514266975E+000,2.696115019E+000,6.848447726E-015
       899,2.409415568E+000,2.692170399E+000,4.511252161E-015
       900,2.616747825E+000,2.699021781E+000,5.439904356E-015
       901,2.717459904E+000,2.700833612E+000,2.366294323E-015
       902,2.872533496E+000,1.282688528E+000,6.073680083E-007
       903,2.968967779E+000,1.278074801E+000,2.876731173E-007
       904,3.063480204E+000,1.275237474E+000,1.314315767E-007
       905,3.157071246E+000,1.273087067E+000,5.899011057E-008
       906,3.249927354E+000,1.270864264E+000,2.611667327E-008
       907,3.341782725E+000,1.268042199E+000,1.141491435E-008
       908,3.431923588E+000,1.264288059E+000,4.892865224E-009
       909,3.518952195E+000,1.260256791E+000,2.025291046E-009
       910,3.605453512E+000,1.174190338E+000,9.027230075E-010
       911,3.601352786E+000,1.259794970E+000,8.894783243E-010
       912,3.606439960E+000,1.081174928E+000,1.509426251E-009
       913,3.606744692E+000,9.845701564E-001,1.531667593E-008
       914,3.606848259E+000,8.862342643E-001,1.038416713E-007
       915,3.606839785E+000,7.871305255E-001,4.934699973E-007
       916,3.606744051E+000,6.878004693E-001,1.851847628E-006
       917,3.606549942E+000,5.886307455E-001,5.348447303E-006
       918,3.606197957E+000,4.899678629E-001,9.871882867E-006
       919,3.507287423E+000,3.893917984E-001,2.017425140E-005
       920,3.605495260E+000,3.915785336E-001,8.580895155E-006
       921,3.409621935E+000,3.875692936E-001,4.411977352E-005
       922,3.312803360E+000,3.864744028E-001,9.192926518E-005
       923,3.216579175E+000,3.859043679E-001,1.867340179E-004
       924,3.120782131E+000,3.857378327E-001,3.727153526E-004
       925,3.025398311E+000,3.859334313E-001,7.326438208E-004
       926,2.930649230E+000,3.864790251E-001,1.417698339E-003
       927,2.837122240E+000,3.873105890E-001,2.691064263E-003
       928,2.745924763E+000,3.880982341E-001,4.967187531E-003
       929,2.658714946E+000,3.876554577E-001,8.772524074E-003
       930,2.576667489E+000,3.821999858E-001,1.453892421E-002
       931,2.477484889E+000,4.504734429E-001,2.452472784E-002
       932,2.491330123E+000,3.528318932E-001,2.403929830E-002
       933,2.470666896E+000,5.478341447E-001,1.034361403E-002
       934,2.466875208E+000,6.458105159E-001,4.316153005E-003
       935,2.464200372E+000,7.441562674E-001,1.682703616E-003
       936,2.461193177E+000,8.423805974E-001,6.342761335E-004
       937,2.456177749E+000,9.400193687E-001,2.234169951E-004
       938,2.446552773E+000,1.036957585E+000,6.940685853E-005
       939,2.427130512E+000,1.134453354E+000,1.541532583E-005
       940,2.383452929E+000,1.239266851E+000,7.882848649E-007
       941,2.492309496E+000,1.377962666E+000,2.066782230E-007
       942,2.383818168E+000,1.362568325E+000,8.384150618E-008
       943,2.589346426E+000,1.402992485E+000,1.747283420E-007
       944,1.487316852E+000,2.665232974E+000,0.000000000E+000
       945,1.487509758E+000,2.749468647E+000,0.000000000E+000
       946,2.381748894E+000,2.238476480E+000,1.256376296E-012
       947,2.389667910E+000,2.322795619E+000,4.937774365E-013
       948,2.377249071E+000,2.146606145E+000,3.321563294E-012
       949,2.374834986E+000,2.051370078E+000,8.533201923E-012
       950,2.373655249E+000,1.954567303E+000,2.110977192E-011
       951,2.373260738E+000,1.857156340E+000,5.208647749E-011
       952,2.373496440E+000,1.759745868E+000,1.399954874E-010
       953,2.374434073E+000,1.662676513E+000,4.699270972E-010
       954,2.376336506E+000,1.565738119E+000,2.170322588E-009
       955,2.379565617E+000,1.467222776E+000,1.249754522E-008
       956,2.277774055E+000,1.364584534E+000,5.362438049E-009
       957,2.176636180E+000,1.367481505E+000,1.306183980E-011
       958,2.077278850E+000,1.369227291E+000,2.308785487E-014
       959,1.978092033E+000,1.370178697E+000,5.256610767E-016
       960,1.878728973E+000,1.370661019E+000,1.751960431E-017
       961,1.779185886E+000,1.370850969E+000,2.355425580E-017
       962,1.679492059E+000,1.370849083E+000,3.350484814E-017
       963,1.579660108E+000,1.370726455E+000,4.950030434E-017
       964,1.479699852E+000,1.370543808E+000,7.497025750E-017
       965,1.379632675E+000,1.370356284E+000,1.143053757E-016
       966,1.279498630E+000,1.370212946E+000,1.705361211E-016
       967,1.179359072E+000,1.370150619E+000,2.449307469E-016
       968,1.079295068E+000,1.370185418E+000,3.373869607E-016
       969,9.793972799E-001,1.370318887E+000,4.450113111E-016
       970,8.797538080E-001,1.370568846E+000,5.622233068E-016
       971,7.804516721E-001,1.371012037E+000,6.818285941E-016
       972,2.321747559E+000,1.165922453E+000,5.943285259E-007
       973,2.339770429E+000,1.099431403E+000,1.189164232E-005
       974,2.352282054E+000,1.013951584E+000,7.498545165E-005
       975,2.359870872E+000,9.208710326E-001,2.899358515E-004
       976,2.364392482E+000,8.246035792E-001,9.032919188E-004
       977,2.367511205E+000,7.269961980E-001,2.513261745E-003
       978,2.370586293E+000,6.290071222E-001,6.793701090E-003
       979,2.374834416E+000,5.310671872E-001,1.674539782E-002
       980,2.381438155E+000,4.325711982E-001,3.875036165E-002
       981,2.289437375E+000,3.172668596E-001,5.710281804E-002
       982,2.391365935E+000,3.317508368E-001,3.850531951E-002
       983,2.188468002E+000,3.073015983E-001,8.078163117E-002
       984,2.088209358E+000,3.005764717E-001,1.080370247E-001
       985,1.988195283E+000,2.964748684E-001,1.369716525E-001
       986,1.888194718E+000,2.941363652E-001,1.653937399E-001
       987,1.788103900E+000,2.928700397E-001,1.909531057E-001
       988,1.687867803E+000,2.922194866E-001,2.115928233E-001
       989,1.587443568E+000,2.919110647E-001,2.260324806E-001
       990,1.486788968E+000,2.917845636E-001,2.340051830E-001
       991,1.385842725E+000,2.916900265E-001,2.362223715E-001
       992,1.284528957E+000,2.913002321E-001,2.340825796E-001
       993,1.182805687E+000,2.899991913E-001,2.291548252E-001
       994,1.080586675E+000,2.867812550E-001,2.224140316E-001
       995,9.778130675E-001,2.799963871E-001,2.130997330E-001
       996,7.351817372E-001,3.427315498E-001,2.364010066E-001
       997,3.703209420E+000,2.951858261E-001,1.628041105E-006
       998,3.703972500E+000,3.939174239E-001,3.353484999E-006
       999,3.704518171E+000,4.928261291E-001,4.088882633E-006
      1000,3.704857704E+000,5.919370589E-001,2.526773642E-006
      1001,3.705051859E+000,6.912709182E-001,1.021028879E-006
      1002,3.705108315E+000,7.906663375E-001,3.292203417E-007
      1003,3.704950948E+000,8.898752676E-001,8.605579893E-008
      1004,3.704358060E+000,9.885708237E-001,1.674147931E-008
      1005,3.702787269E+000,1.086387515E+000,2.104005636E-009
      1006,3.698855305E+000,1.183224084E+000,3.918632085E-010
      1007,3.688770536E+000,1.280569545E+000,3.240296087E-010
      1008,3.660259787E+000,1.388485214E+000,2.370443286E-010
      1009,3.679583203E+000,1.511125798E+000,6.610020864E-011
      1010,3.689812649E+000,1.618391554E+000,2.467796453E-011
      1011,3.695766888E+000,1.720476082E+000,8.905855220E-012
      1012,3.699185450E+000,1.820095920E+000,2.903527462E-012
      1013,3.701110390E+000,1.918454156E+000,8.252775633E-013
      1014,3.702195961E+000,2.016199431E+000,1.928169945E-013
      1015,3.702829797E+000,2.113708901E+000,3.396468965E-014
      1016,3.703205745E+000,2.211211873E+000,3.945017412E-015
      1017,3.703377890E+000,2.308863227E+000,2.182201850E-016
      1018,3.703310651E+000,2.406788548E+000,1.426843647E-018
      1019,3.702930860E+000,2.505079697E+000,3.406370475E-020
      1020,3.702193250E+000,2.603694286E+000,2.788499516E-020
      1021,3.701124378E+000,2.702540365E+000,9.412270894E-021
      1022,3.522185687E-001,3.760543415E-001,5.701671503E-014
      1023,4.248285964E-001,3.210851542E-001,4.564876580E-013
      1024,3.250126882E-001,4.865023792E-001,9.476120111E-015
      1025,3.108457145E-001,5.875523018E-001,3.604211588E-015
      1026,3.027424988E-001,6.871426366E-001,1.490496415E-017
      1027,2.980480368E-001,7.866718627E-001,2.035922767E-017
      1028,2.953375249E-001,8.864306130E-001,1.471275054E-017
      1029,2.937756936E-001,9.862842550E-001,1.291606234E-018
      1030,2.928625667E-001,1.086017973E+000,3.658362648E-019
      1031,2.922785013E-001,1.185458030E+000,1.137266584E-019
      1032,2.917658003E-001,1.284539855E+000,3.042510526E-020
      1033,2.912308057E-001,1.383235830E+000,4.808852457E-021
      1034,2.892276950E+000,1.379979801E+000,1.767387658E-007
      1035,2.799638076E+000,1.389074309E+000,2.940819854E-007
      1036,2.985915669E+000,1.374833546E+000,8.917022143E-008
      1037,3.079426718E+000,1.371535484E+000,4.220824934E-008
      1038,3.172516840E+000,1.368759611E+000,1.952280471E-008
      1039,3.264896243E+000,1.365396674E+000,8.988039646E-009
      1040,3.355990053E+000,1.360662724E+000,4.205691795E-009
      1041,3.444479830E+000,1.353231856E+000,2.018296641E-009
      1042,3.526611836E+000,1.342046697E+000,1.002417482E-009
      1043,3.591512032E+000,1.326548514E+000,6.008681330E-010
      1044,2.816901447E+000,2.701903334E+000,8.181097367E-016
      1045,2.915477183E+000,2.702557008E+000,2.584934120E-016
      1046,3.013501107E+000,2.703004730E+000,7.894088988E-017
      1047,3.111221986E+000,2.703349935E+000,2.336381070E-017
      1048,3.208851189E+000,2.703617310E+000,6.737299649E-018
      1049,3.306581934E+000,2.703781997E+000,1.901156558E-018
      1050,3.404595768E+000,2.703794982E+000,5.255938182E-019
      1051,3.503036562E+000,2.703603852E+000,1.418016079E-019
      1052,3.601902775E+000,2.703175106E+000,3.711972029E-020
      1053,2.712889445E+000,1.406629959E+000,2.408073954E-007
      1054,2.652843352E+000,1.438113128E+000,1.154151050E-007
      1055,3.604431414E+000,2.934803666E-001,4.134391929E-006
      1056,3.505892658E+000,2.918999631E-001,9.745188436E-006
      1057,3.407738712E+000,2.905978157E-001,2.165845581E-005
      1058,3.310089156E+000,2.897171318E-001,4.613470446E-005
      1059,3.212896529E+000,2.892484363E-001,9.537909500E-005
      1060,3.116115433E+000,2.891878543E-001,1.926886180E-004
      1061,3.019808866E+000,2.895966374E-001,3.817206889E-004
      1062,2.924272061E+000,2.906455143E-001,7.427851669E-004
      1063,2.830244733E+000,2.926969551E-001,1.421420835E-003
      1064,2.739430261E+000,2.964756249E-001,2.684519859E-003
      1065,2.656067959E+000,3.033353699E-001,5.064052064E-003
      1066,2.590781366E+000,3.151180298E-001,7.992495783E-003
      1067,2.906860720E-001,1.481518436E+000,3.109725534E-022
      1068,2.902501804E-001,1.579427380E+000,6.176029498E-025
      1069,2.900557859E-001,1.676934975E+000,1.268069735E-027
      1070,2.902204317E-001,1.774057460E+000,3.900492027E-028
      1071,2.908091261E-001,1.870800753E+000,4.629126846E-031
      1072,2.919524028E-001,1.967088524E+000,2.413370350E-033
      1073,2.939496934E-001,2.062683198E+000,3.607869965E-035
      1074,2.972306992E-001,2.157027398E+000,5.922103110E-038
      1075,3.028167157E-001,2.248766791E+000,3.322184386E-040
      1076,3.121439121E-001,2.333976082E+000,1.263971215E-042
      1077,3.266608038E-001,2.401759928E+000,5.605193857E-045
      1078,8.034606816E-001,2.731369798E+000,0.000000000E+000
      1079,9.054178831E-001,2.703496421E+000,0.000000000E+000
      1080,1.000013978E+000,2.688011043E+000,0.000000000E+000
      1081,1.094832730E+000,2.679111044E+000,0.000000000E+000
      1082,1.191645529E+000,2.673231702E+000,0.000000000E+000
      1083,1.289962150E+000,2.669751778E+000,0.000000000E+000
      1084,1.388473051E+000,2.667054101E+000,0.000000000E+000
      1085,2.402621809E+000,2.388277897E+000,2.579689392E-013
      1086,1.388926423E+000,2.751269272E+000,0.000000000E+000
      1087,1.290656942E+000,2.753773258E+000,0.000000000E+000
      1088,1.193556598E+000,2.757270472E+000,0.000000000E+000
      1089,1.099222243E+000,2.762375156E+000,0.000000000E+000
      1090,1.009769047E+000,2.770890951E+000,0.000000000E+000
      1091,2.211310989E-001,3.872866679E-001,3.900581759E-017
