nodenumber,    x-coordinate,    y-coordinate,            c2h6
         1,7.100000000E-001,3.000000000E-001,5.000867844E-001
         2,6.850858620E-001,3.238342004E-001,3.493672193E-005
         3,6.856125011E-001,3.056513156E-001,1.694729326E-005
         4,7.000000000E-001,3.000000000E-001,8.678901213E-005
         5,7.100000000E-001,2.800000000E-001,5.050572157E-001
         6,7.236791771E-001,2.305009119E-001,5.208664387E-002
         7,7.903931993E-001,2.408555716E-001,1.699443758E-001
         8,7.687291603E-001,3.020279623E-001,3.795973957E-001
         9,7.000000000E-001,2.800000000E-001,5.057219882E-003
        10,6.764162816E-001,2.362815490E-001,4.598778105E-005
        11,6.671475470E-001,2.913394410E-001,0.000000000E+000
        12,1.780000000E+000,2.494285714E+000,0.000000000E+000
        13,1.681517864E+000,2.494520771E+000,0.000000000E+000
        14,1.680000000E+000,2.410000000E+000,0.000000000E+000
        15,1.780000000E+000,2.578571429E+000,0.000000000E+000
        16,1.682649631E+000,2.578925679E+000,0.000000000E+000
        17,1.780000000E+000,2.662857143E+000,0.000000000E+000
        18,1.683253420E+000,2.663221486E+000,0.000000000E+000
        19,1.780000000E+000,2.747142857E+000,0.000000000E+000
        20,1.683304013E+000,2.747452798E+000,0.000000000E+000
        21,1.780000000E+000,2.831428571E+000,0.000000000E+000
        22,1.682886328E+000,2.831651215E+000,0.000000000E+000
        23,1.780000000E+000,2.915714286E+000,0.000000000E+000
        24,1.682130642E+000,2.915822261E+000,0.000000000E+000
        25,1.681111111E+000,3.000000000E+000,0.000000000E+000
        26,2.753750000E+000,1.080000000E+000,7.692070305E-002
        27,2.757800583E+000,1.184157553E+000,5.984696373E-002
        28,2.650383590E+000,1.183717388E+000,6.273356825E-002
        29,2.660000000E+000,1.080000000E+000,9.338425845E-002
        30,2.753750000E+000,2.410000000E+000,8.674978744E-006
        31,2.741416988E+000,2.505899641E+000,1.123545553E-005
        32,2.644030787E+000,2.504213767E+000,2.016597682E-005
        33,2.660000000E+000,2.410000000E+000,2.478001625E-005
        34,2.080000000E+000,2.896923077E+000,1.115214698E-009
        35,2.183600715E+000,2.896948020E+000,6.816037512E-009
        36,2.181052632E+000,3.000000000E+000,6.785350948E-009
        37,2.080000000E+000,2.793846154E+000,1.079177414E-009
        38,2.186660160E+000,2.793568969E+000,8.667791818E-009
        39,2.080000000E+000,2.690769231E+000,7.865708085E-010
        40,2.190469218E+000,2.689299070E+000,6.978714939E-009
        41,2.080000000E+000,2.587692308E+000,1.690857565E-009
        42,2.194953111E+000,2.583215536E+000,1.011400474E-008
        43,2.080000000E+000,2.484615385E+000,1.557165419E-008
        44,2.198645940E+000,2.474412107E+000,6.164928834E-008
        45,2.080000000E+000,2.381538461E+000,3.155036055E-008
        46,2.191224313E+000,2.369016531E+000,9.886230146E-008
        47,2.080000000E+000,2.278461539E+000,3.201586551E-008
        48,2.185022393E+000,2.267129089E+000,7.627106413E-008
        49,2.080000000E+000,2.175384615E+000,2.481604788E-008
        50,2.181445824E+000,2.166334234E+000,4.221275773E-008
        51,2.080000000E+000,2.072307692E+000,1.686580475E-008
        52,2.179610975E+000,2.065523334E+000,1.900037283E-008
        53,2.080000000E+000,1.969230769E+000,1.093156232E-008
        54,2.178731126E+000,1.964466470E+000,8.222688308E-009
        55,2.080000000E+000,1.866153846E+000,6.960358068E-009
        56,2.178351504E+000,1.863298984E+000,4.913572660E-009
        57,2.080000000E+000,1.763076923E+000,3.789355052E-009
        58,2.178249395E+000,1.762322300E+000,5.148403925E-009
        59,2.080000000E+000,1.660000000E+000,1.133717675E-009
        60,2.178272577E+000,1.662064844E+000,9.537545864E-009
        61,2.078781499E+000,1.563555617E+000,3.821564842E-009
        62,2.178081724E+000,1.563876940E+000,3.793610048E-008
        63,1.980000000E+000,1.660000000E+000,5.931480892E-013
        64,1.979124271E+000,1.563680529E+000,1.895136825E-012
        65,1.880000000E+000,1.660000000E+000,0.000000000E+000
        66,1.879392702E+000,1.563821318E+000,6.655578853E-016
        67,1.780000000E+000,1.660000000E+000,7.028474566E-019
        68,1.779618311E+000,1.563874084E+000,1.026476629E-017
        69,1.680000000E+000,1.660000000E+000,9.564044222E-019
        70,1.679782640E+000,1.563834717E+000,4.054246688E-018
        71,1.580000000E+000,1.660000000E+000,3.307119788E-019
        72,1.579869171E+000,1.563732311E+000,1.502541426E-018
        73,1.480000000E+000,1.660000000E+000,9.620341876E-020
        74,1.479876414E+000,1.563603606E+000,4.997422010E-019
        75,1.380000000E+000,1.660000000E+000,2.237115783E-020
        76,1.379816948E+000,1.563481873E+000,1.388602958E-019
        77,1.280000000E+000,1.660000000E+000,3.654187486E-021
        78,1.279713967E+000,1.563394229E+000,2.833232215E-020
        79,1.180000000E+000,1.660000000E+000,3.528508186E-022
        80,1.179601731E+000,1.563363030E+000,3.217993702E-021
        81,1.080000000E+000,1.660000000E+000,2.256309585E-023
        82,1.079529783E+000,1.563398102E+000,1.357306374E-022
        83,9.800000000E-001,1.660000000E+000,1.299279056E-024
        84,9.795579064E-001,1.563489052E+000,6.230994565E-023
        85,8.800000000E-001,1.660000000E+000,2.176904809E-025
        86,8.797380029E-001,1.563631490E+000,3.668044490E-023
        87,7.800000000E-001,1.660000000E+000,7.937396401E-026
        88,7.801111495E-001,1.563879361E+000,2.341442981E-023
        89,6.800000000E-001,1.660000000E+000,9.202161067E-027
        90,6.807459911E-001,1.564412059E+000,1.916531889E-023
        91,5.800000000E-001,1.660000000E+000,0.000000000E+000
        92,5.818562237E-001,1.565676399E+000,2.093399395E-023
        93,4.834779748E-001,1.664623905E+000,4.142775767E-026
        94,4.842292519E-001,1.568962833E+000,1.882877190E-023
        95,5.800000000E-001,1.753750000E+000,0.000000000E+000
        96,4.833753413E-001,1.759715382E+000,7.944779401E-029
        97,5.800000000E-001,1.847500000E+000,0.000000000E+000
        98,4.835741590E-001,1.854509307E+000,9.460213026E-031
        99,5.800000000E-001,1.941250000E+000,0.000000000E+000
       100,4.839912204E-001,1.949061242E+000,3.925892523E-033
       101,5.800000000E-001,2.035000000E+000,0.000000000E+000
       102,4.846355171E-001,2.043308161E+000,1.839654542E-035
       103,5.800000000E-001,2.128750000E+000,0.000000000E+000
       104,4.855403833E-001,2.137079634E+000,1.677587102E-037
       105,5.800000000E-001,2.222500000E+000,0.000000000E+000
       106,4.866220792E-001,2.230159242E+000,5.860160113E-040
       107,5.800000000E-001,2.316250000E+000,0.000000000E+000
       108,4.872641311E-001,2.322659572E+000,1.474165984E-042
       109,5.800000000E-001,2.410000000E+000,0.000000000E+000
       110,4.854315502E-001,2.416524385E+000,0.000000000E+000
       111,5.788273687E-001,2.521328204E+000,0.000000000E+000
       112,4.758670859E-001,2.520558960E+000,0.000000000E+000
       113,6.800000000E-001,2.410000000E+000,0.000000000E+000
       114,6.817993399E-001,2.519494449E+000,0.000000000E+000
       115,7.800000000E-001,2.410000000E+000,0.000000000E+000
       116,7.841807523E-001,2.515607363E+000,0.000000000E+000
       117,8.800000000E-001,2.410000000E+000,0.000000000E+000
       118,8.853825655E-001,2.510319475E+000,0.000000000E+000
       119,9.800000000E-001,2.410000000E+000,0.000000000E+000
       120,9.853946441E-001,2.505592407E+000,0.000000000E+000
       121,1.080000000E+000,2.410000000E+000,0.000000000E+000
       122,1.084976013E+000,2.502033567E+000,0.000000000E+000
       123,1.180000000E+000,2.410000000E+000,0.000000000E+000
       124,1.184622710E+000,2.499473175E+000,0.000000000E+000
       125,1.280000000E+000,2.410000000E+000,0.000000000E+000
       126,1.284358891E+000,2.497671812E+000,0.000000000E+000
       127,1.380000000E+000,2.410000000E+000,0.000000000E+000
       128,1.383974927E+000,2.496359460E+000,0.000000000E+000
       129,1.480000000E+000,2.410000000E+000,0.000000000E+000
       130,1.483390220E+000,2.495448343E+000,0.000000000E+000
       131,1.580000000E+000,2.410000000E+000,0.000000000E+000
       132,1.582583142E+000,2.494861175E+000,0.000000000E+000
       133,2.847500000E+000,1.080000000E+000,6.267417222E-002
       134,2.857735765E+000,1.181622316E+000,5.121192336E-002
       135,2.941250000E+000,1.080000000E+000,4.053776711E-002
       136,2.954004855E+000,1.179472868E+000,3.771710023E-002
       137,3.035000000E+000,1.080000000E+000,1.722314954E-002
       138,3.048645501E+000,1.177966436E+000,2.322527766E-002
       139,3.128750000E+000,1.080000000E+000,3.747020150E-003
       140,3.142526594E+000,1.176840111E+000,1.404339541E-002
       141,3.222500000E+000,1.080000000E+000,7.831620751E-004
       142,3.235951876E+000,1.175788434E+000,1.051922329E-002
       143,3.316250000E+000,1.080000000E+000,1.563292812E-003
       144,3.328961254E+000,1.174586895E+000,8.999666199E-003
       145,3.410000000E+000,1.080000000E+000,2.801267663E-003
       146,3.421606820E+000,1.173193169E+000,7.683524396E-003
       147,3.510142887E+000,1.078890560E+000,4.499835894E-003
       148,3.514405317E+000,1.172153181E+000,6.373749115E-003
       149,3.410000000E+000,9.800000000E-001,4.042461514E-003
       150,3.508937577E+000,9.817277156E-001,8.142714389E-003
       151,3.410000000E+000,8.800000000E-001,4.949647933E-003
       152,3.508610329E+000,8.829582219E-001,1.030166727E-002
       153,3.410000000E+000,7.800000000E-001,5.089997780E-003
       154,3.508495233E+000,7.835747007E-001,2.628464438E-002
       155,3.410000000E+000,6.800000000E-001,4.775102064E-002
       156,3.508411191E+000,6.840656191E-001,7.452256978E-002
       157,3.410000000E+000,5.800000000E-001,1.301566213E-001
       158,3.508296886E+000,5.848725287E-001,1.403903365E-001
       159,3.410675073E+000,4.843641699E-001,1.801931262E-001
       160,3.508138013E+000,4.870166869E-001,1.797154695E-001
       161,3.316250000E+000,5.800000000E-001,1.688860506E-001
       162,3.314907066E+000,4.833129451E-001,1.799881011E-001
       163,3.222500000E+000,5.800000000E-001,1.673574895E-001
       164,3.219781525E+000,4.828454334E-001,1.795988083E-001
       165,3.128750000E+000,5.800000000E-001,1.662659943E-001
       166,3.124982324E+000,4.826820460E-001,1.791321337E-001
       167,3.035000000E+000,5.800000000E-001,1.653324068E-001
       168,3.030422532E+000,4.827255533E-001,1.787254661E-001
       169,2.941250000E+000,5.800000000E-001,1.643363386E-001
       170,2.936178497E+000,4.828924369E-001,1.785047054E-001
       171,2.847500000E+000,5.800000000E-001,1.631227285E-001
       172,2.842516810E+000,4.829806726E-001,1.786317676E-001
       173,2.753750000E+000,5.800000000E-001,1.615539193E-001
       174,2.749876187E+000,4.823724716E-001,1.793924272E-001
       175,2.660000000E+000,5.800000000E-001,1.420375407E-001
       176,2.658651652E+000,4.792361368E-001,1.808423847E-001
       177,2.565102288E+000,5.646916777E-001,1.389882565E-001
       178,2.568581600E+000,4.689230628E-001,1.813311577E-001
       179,2.660000000E+000,6.800000000E-001,1.200617626E-001
       180,2.563112987E+000,6.629566658E-001,1.129169315E-001
       181,2.660000000E+000,7.800000000E-001,1.149823591E-001
       182,2.561619289E+000,7.619563550E-001,1.027251631E-001
       183,2.660000000E+000,8.800000000E-001,1.117728651E-001
       184,2.559717597E+000,8.610945098E-001,9.872663021E-002
       185,2.660000000E+000,9.800000000E-001,1.075532585E-001
       186,2.556254263E+000,9.602463267E-001,9.440357983E-002
       187,2.549406486E+000,1.059951984E+000,7.883896679E-002
       188,2.535312758E+000,1.162483078E+000,4.297275841E-002
       189,2.649212114E+000,1.310526273E+000,1.634204760E-002
       190,2.515219091E+000,1.271866797E+000,8.386586793E-003
       191,2.770777700E+000,1.291185440E+000,2.903189696E-002
       192,2.847500000E+000,2.410000000E+000,1.269784917E-007
       193,2.837568736E+000,2.506633191E+000,3.712169018E-006
       194,2.941250000E+000,2.410000000E+000,2.907338228E-007
       195,2.933116361E+000,2.507008421E+000,2.042947472E-006
       196,3.035000000E+000,2.410000000E+000,2.715162850E-007
       197,3.028348573E+000,2.507252463E+000,1.035724722E-006
       198,3.128750000E+000,2.410000000E+000,1.785987962E-007
       199,3.123435872E+000,2.507450086E+000,5.591601280E-007
       200,3.222500000E+000,2.410000000E+000,1.141426296E-007
       201,3.218517121E+000,2.507609878E+000,3.297905664E-007
       202,3.316250000E+000,2.410000000E+000,6.842233091E-008
       203,3.313762287E+000,2.507697351E+000,1.926102584E-007
       204,3.410000000E+000,2.410000000E+000,2.889847650E-008
       205,3.409487231E+000,2.507648200E+000,1.107883989E-007
       206,3.507176008E+000,2.410052052E+000,2.032287583E-008
       207,3.506566449E+000,2.507340758E+000,6.225103277E-008
       208,3.410000000E+000,2.316250000E+000,8.442301436E-008
       209,3.507320175E+000,2.314206538E+000,3.803523043E-007
       210,3.410000000E+000,2.222500000E+000,2.468842979E-007
       211,3.507278485E+000,2.218885876E+000,8.871122077E-007
       212,3.410000000E+000,2.128750000E+000,9.264179539E-007
       213,3.507139276E+000,2.123785062E+000,4.583068403E-006
       214,3.410000000E+000,2.035000000E+000,1.473630846E-006
       215,3.506880963E+000,2.028753286E+000,6.135792773E-006
       216,3.410000000E+000,1.941250000E+000,4.021133009E-006
       217,3.506361989E+000,1.933649123E+000,6.922089960E-005
       218,3.410000000E+000,1.847500000E+000,3.307677844E-006
       219,3.505250696E+000,1.838261062E+000,2.691115078E-004
       220,3.410000000E+000,1.753750000E+000,5.751454155E-004
       221,3.502807811E+000,1.742206673E+000,9.061819874E-004
       222,3.410000000E+000,1.660000000E+000,1.329365303E-003
       223,3.497172721E+000,1.644658680E+000,1.825988991E-003
       224,3.391231317E+000,1.554382819E+000,3.348855069E-003
       225,3.483066692E+000,1.543610905E+000,3.753066994E-003
       226,3.316250000E+000,1.660000000E+000,1.392383943E-003
       227,3.298514324E+000,1.559143877E+000,3.062593751E-003
       228,3.222500000E+000,1.660000000E+000,1.217402751E-003
       229,3.205459638E+000,1.561610966E+000,2.885566326E-003
       230,3.128750000E+000,1.660000000E+000,1.111806952E-003
       231,3.112224431E+000,1.563166712E+000,2.731716260E-003
       232,3.035000000E+000,1.660000000E+000,1.005490427E-003
       233,3.018985328E+000,1.564579755E+000,2.511365106E-003
       234,2.941250000E+000,1.660000000E+000,8.572576917E-004
       235,2.926036077E+000,1.566416397E+000,2.151152585E-003
       236,2.847500000E+000,1.660000000E+000,6.459417054E-004
       237,2.833951303E+000,1.569151312E+000,1.593392226E-003
       238,2.753750000E+000,1.660000000E+000,3.836760297E-004
       239,2.743707453E+000,1.572880904E+000,8.493390051E-004
       240,2.660000000E+000,1.660000000E+000,1.485434186E-004
       241,2.656013274E+000,1.576074220E+000,2.939074766E-004
       242,2.566022305E+000,1.663225593E+000,4.577226355E-005
       243,2.567227055E+000,1.573541921E+000,9.284260886E-005
       244,2.660000000E+000,1.753750000E+000,4.977604476E-005
       245,2.565338889E+000,1.756556447E+000,3.288155131E-005
       246,2.660000000E+000,1.847500000E+000,4.514571265E-005
       247,2.565050864E+000,1.851064172E+000,2.910550029E-005
       248,2.660000000E+000,1.941250000E+000,4.277425251E-005
       249,2.565028508E+000,1.945862405E+000,2.735782982E-005
       250,2.660000000E+000,2.035000000E+000,4.112451643E-005
       251,2.565221082E+000,2.040450422E+000,2.629079790E-005
       252,2.660000000E+000,2.128750000E+000,3.956489672E-005
       253,2.565575482E+000,2.134347371E+000,2.532501094E-005
       254,2.660000000E+000,2.222500000E+000,3.753195415E-005
       255,2.565819268E+000,2.226984270E+000,2.397789831E-005
       256,2.660000000E+000,2.316250000E+000,3.426563126E-005
       257,2.564929062E+000,2.317891050E+000,2.169676736E-005
       258,2.559972687E+000,2.407542664E+000,1.836736556E-005
       259,2.544083267E+000,2.499351099E+000,1.449571209E-005
       260,2.629684454E+000,2.600569854E+000,1.580343451E-005
       261,2.527993174E+000,2.596372273E+000,1.064654316E-005
       262,2.729184668E+000,2.602725313E+000,1.243412498E-005
       263,1.582222222E+000,3.000000000E+000,0.000000000E+000
       264,1.584149939E+000,2.916087151E+000,0.000000000E+000
       265,1.483333333E+000,3.000000000E+000,0.000000000E+000
       266,1.485813779E+000,2.916656593E+000,0.000000000E+000
       267,1.384444444E+000,3.000000000E+000,0.000000000E+000
       268,1.387168402E+000,2.917518048E+000,0.000000000E+000
       269,1.285555556E+000,3.000000000E+000,0.000000000E+000
       270,1.288638965E+000,2.918595919E+000,0.000000000E+000
       271,1.186666667E+000,3.000000000E+000,0.000000000E+000
       272,1.191087119E+000,2.919773674E+000,0.000000000E+000
       273,1.087777778E+000,3.000000000E+000,0.000000000E+000
       274,1.096123087E+000,2.920619102E+000,0.000000000E+000
       275,9.888888889E-001,3.000000000E+000,0.000000000E+000
       276,1.005883487E+000,2.919245669E+000,0.000000000E+000
       277,8.900000000E-001,3.000000000E+000,0.000000000E+000
       278,9.202228872E-001,2.908064124E+000,0.000000000E+000
       279,7.911111111E-001,3.000000000E+000,0.000000000E+000
       280,8.270996967E-001,2.857229693E+000,0.000000000E+000
       281,6.922222222E-001,3.000000000E+000,0.000000000E+000
       282,7.005743464E-001,2.870092388E+000,0.000000000E+000
       283,5.933333333E-001,3.000000000E+000,0.000000000E+000
       284,5.898368955E-001,2.876298388E+000,0.000000000E+000
       285,4.944444444E-001,3.000000000E+000,0.000000000E+000
       286,4.827153235E-001,2.881152954E+000,0.000000000E+000
       287,3.955555556E-001,3.000000000E+000,0.000000000E+000
       288,3.766784646E-001,2.888827348E+000,0.000000000E+000
       289,2.966666667E-001,3.000000000E+000,0.000000000E+000
       290,2.834950926E-001,2.908079059E+000,0.000000000E+000
       291,1.977777778E-001,3.000000000E+000,0.000000000E+000
       292,1.936507975E-001,2.907687920E+000,0.000000000E+000
       293,9.888888889E-002,3.000000000E+000,0.000000000E+000
       294,9.839923630E-002,2.903804398E+000,0.000000000E+000
       295,0.000000000E+000,2.900000000E+000,0.000000000E+000
       296,6.800000000E-001,1.080000000E+000,1.511148812E-015
       297,6.809495488E-001,1.177523665E+000,1.026530558E-015
       298,5.824739765E-001,1.178167125E+000,7.953953306E-016
       299,5.800000000E-001,1.080000000E+000,1.640573752E-015
       300,1.000000000E-001,0.000000000E+000,3.288006487E-019
       301,1.020461735E-001,9.799602415E-002,1.416433834E-022
       302,0.000000000E+000,1.000000000E-001,0.000000000E+000
       303,2.000000000E-001,0.000000000E+000,2.235359123E-016
       304,2.045063614E-001,9.578577070E-002,5.676493996E-020
       305,3.000000000E-001,0.000000000E+000,9.313311485E-016
       306,3.073687170E-001,9.341279887E-002,9.446409875E-017
       307,4.000000000E-001,0.000000000E+000,7.081240438E-016
       308,4.107373747E-001,9.168970928E-002,3.485990522E-014
       309,5.000000000E-001,0.000000000E+000,2.880437555E-010
       310,5.181662852E-001,9.389206832E-002,1.531033356E-010
       311,6.000000000E-001,0.000000000E+000,5.471942586E-006
       312,6.187048753E-001,8.742172330E-002,8.516108352E-008
       313,7.000000000E-001,0.000000000E+000,7.269680282E-006
       314,7.101412574E-001,8.349307336E-002,8.262170595E-004
       315,8.000000000E-001,0.000000000E+000,7.276185788E-004
       316,8.007852047E-001,8.480154097E-002,6.884975359E-003
       317,9.000000000E-001,0.000000000E+000,2.437723102E-003
       318,8.947023068E-001,8.966310871E-002,1.656707935E-002
       319,1.000000000E+000,0.000000000E+000,4.023064859E-003
       320,9.927946641E-001,9.346341984E-002,2.283693105E-002
       321,1.100000000E+000,0.000000000E+000,4.764799029E-003
       322,1.092731278E+000,9.581156373E-002,2.542367950E-002
       323,1.200000000E+000,0.000000000E+000,4.839746282E-003
       324,1.193321047E+000,9.697427373E-002,2.577269264E-002
       325,1.300000000E+000,0.000000000E+000,4.699939862E-003
       326,1.294018303E+000,9.744372817E-002,2.529808320E-002
       327,1.400000000E+000,0.000000000E+000,4.547150806E-003
       328,1.394614629E+000,9.759949179E-002,2.468570508E-002
       329,1.500000000E+000,0.000000000E+000,4.381324630E-003
       330,1.495068137E+000,9.765941128E-002,2.398278005E-002
       331,1.600000000E+000,0.000000000E+000,4.212573171E-003
       332,1.595386099E+000,9.772116305E-002,2.321815304E-002
       333,1.700000000E+000,0.000000000E+000,4.061687738E-003
       334,1.695591436E+000,9.784171659E-002,2.241853625E-002
       335,1.800000000E+000,0.000000000E+000,3.968432546E-003
       336,1.795711494E+000,9.808661527E-002,2.162079513E-002
       337,1.900000000E+000,0.000000000E+000,3.999899607E-003
       338,1.895774717E+000,9.856250894E-002,2.088309638E-002
       339,2.000000000E+000,0.000000000E+000,4.257819615E-003
       340,1.995832442E+000,9.943788191E-002,2.029192261E-002
       341,2.100000000E+000,0.000000000E+000,4.881517030E-003
       342,2.096019652E+000,1.009421747E-001,1.996182278E-002
       343,2.200000000E+000,0.000000000E+000,6.041394081E-003
       344,2.196644079E+000,1.033271463E-001,2.002546377E-002
       345,2.300000000E+000,0.000000000E+000,7.915117778E-003
       346,2.298313050E+000,1.067826515E-001,2.098361030E-002
       347,2.400000000E+000,0.000000000E+000,1.063546166E-002
       348,2.402010330E+000,1.112058946E-001,2.424039319E-002
       349,2.500000000E+000,0.000000000E+000,1.407647226E-002
       350,2.508600902E+000,1.150477881E-001,2.810938656E-002
       351,2.600000000E+000,0.000000000E+000,1.811863296E-002
       352,2.611935691E+000,1.081580767E-001,3.116097488E-002
       353,2.700000000E+000,0.000000000E+000,2.256156690E-002
       354,2.711603999E+000,1.024040128E-001,3.470227867E-002
       355,2.800000000E+000,0.000000000E+000,2.674552053E-002
       356,2.810018588E+000,9.907023158E-002,3.846978769E-002
       357,2.900000000E+000,0.000000000E+000,2.995461039E-002
       358,2.908317563E+000,9.734130706E-002,4.235340655E-002
       359,3.000000000E+000,0.000000000E+000,3.185589239E-002
       360,3.006808593E+000,9.651525301E-002,4.600478709E-002
       361,3.100000000E+000,0.000000000E+000,3.257755935E-002
       362,3.105515835E+000,9.618791281E-002,4.916645586E-002
       363,3.200000000E+000,0.000000000E+000,3.234990314E-002
       364,3.204414594E+000,9.615446480E-002,5.153588578E-002
       365,3.300000000E+000,0.000000000E+000,3.121713921E-002
       366,3.303489486E+000,9.632009670E-002,5.268203840E-002
       367,3.400000000E+000,0.000000000E+000,2.916116081E-002
       368,3.402730168E+000,9.664606789E-002,5.218431726E-002
       369,3.500000000E+000,0.000000000E+000,2.628363669E-002
       370,3.502116257E+000,9.711039250E-002,4.981521517E-002
       371,3.600000000E+000,0.000000000E+000,2.279704437E-002
       372,3.601609344E+000,9.767585945E-002,4.565202445E-002
       373,3.700000000E+000,0.000000000E+000,1.898296364E-002
       374,3.701168960E+000,9.828841402E-002,4.012824595E-002
       375,3.800000000E+000,0.000000000E+000,1.558438223E-002
       376,3.800767209E+000,9.889227800E-002,3.398801759E-002
       377,3.900000000E+000,0.000000000E+000,1.373076811E-002
       378,3.900381304E+000,9.946409960E-002,2.938733622E-002
       379,4.000000000E+000,1.000000000E-001,2.787597291E-002
       380,7.800000000E-001,1.080000000E+000,1.934088774E-015
       381,7.801757159E-001,1.177155866E+000,1.302270064E-015
       382,8.800000000E-001,1.080000000E+000,2.475460565E-015
       383,8.797830562E-001,1.176937909E+000,1.647208350E-015
       384,9.800000000E-001,1.080000000E+000,3.162001732E-015
       385,9.796205748E-001,1.176810907E+000,2.080268449E-015
       386,1.080000000E+000,1.080000000E+000,4.025040426E-015
       387,1.079603603E+000,1.176754178E+000,2.618926347E-015
       388,1.180000000E+000,1.080000000E+000,5.095413515E-015
       389,1.179668475E+000,1.176763145E+000,3.282595084E-015
       390,1.280000000E+000,1.080000000E+000,6.401631917E-015
       391,1.279760866E+000,1.176831926E+000,4.091021752E-015
       392,1.380000000E+000,1.080000000E+000,7.966154287E-015
       393,1.379835142E+000,1.176944148E+000,5.062709573E-015
       394,1.480000000E+000,1.080000000E+000,9.799542701E-015
       395,1.479857236E+000,1.177071754E+000,6.212748228E-015
       396,1.580000000E+000,1.080000000E+000,1.189435682E-014
       397,1.579806999E+000,1.177180650E+000,7.550299226E-015
       398,1.680000000E+000,1.080000000E+000,1.341318685E-014
       399,1.679679214E+000,1.177242211E+000,9.075916525E-015
       400,1.780000000E+000,1.080000000E+000,6.910743187E-015
       401,1.779468086E+000,1.177235680E+000,9.541761776E-015
       402,1.880000000E+000,1.080000000E+000,0.000000000E+000
       403,1.879110761E+000,1.177141273E+000,1.827133497E-012
       404,1.980000000E+000,1.080000000E+000,3.622470217E-007
       405,1.978316249E+000,1.176929657E+000,7.154862924E-009
       406,2.080000000E+000,1.080000000E+000,1.106526353E-003
       407,2.076040960E+000,1.176581330E+000,2.991097062E-005
       408,2.169571093E+000,1.084039942E+000,1.197618200E-003
       409,2.168723032E+000,1.176317008E+000,8.438673103E-005
       410,2.080000000E+000,9.800000000E-001,8.107163943E-003
       411,2.171510233E+000,9.892217059E-001,1.046187151E-002
       412,2.080000000E+000,8.800000000E-001,1.162942499E-002
       413,2.173221351E+000,8.922254732E-001,1.777208596E-002
       414,2.080000000E+000,7.800000000E-001,7.003641687E-003
       415,2.174502681E+000,7.939791930E-001,1.261165552E-002
       416,2.080000000E+000,6.800000000E-001,5.616169423E-003
       417,2.175641120E+000,6.953145937E-001,6.631805561E-003
       418,2.080000000E+000,5.800000000E-001,6.089015305E-002
       419,2.177088350E+000,5.971189348E-001,5.701149255E-002
       420,2.081399967E+000,4.913026912E-001,1.323002428E-001
       421,2.179556702E+000,5.018902990E-001,1.301158071E-001
       422,1.980000000E+000,5.800000000E-001,1.137772650E-001
       423,1.981989922E+000,4.873575204E-001,1.329327077E-001
       424,1.880000000E+000,5.800000000E-001,1.099341884E-001
       425,1.882180889E+000,4.856525132E-001,1.298685819E-001
       426,1.780000000E+000,5.800000000E-001,1.046496555E-001
       427,1.782193467E+000,4.848722964E-001,1.254338771E-001
       428,1.680000000E+000,5.800000000E-001,9.809087962E-002
       429,1.682082700E+000,4.845137248E-001,1.198811159E-001
       430,1.580000000E+000,5.800000000E-001,9.017781168E-002
       431,1.581846441E+000,4.843642951E-001,1.132332534E-001
       432,1.480000000E+000,5.800000000E-001,8.067847043E-002
       433,1.481469377E+000,4.843261528E-001,1.054223925E-001
       434,1.380000000E+000,5.800000000E-001,6.929727644E-002
       435,1.380934112E+000,4.843587103E-001,9.639002383E-002
       436,1.280000000E+000,5.800000000E-001,5.606496707E-002
       437,1.280136211E+000,4.843587931E-001,8.643737435E-002
       438,1.180000000E+000,5.800000000E-001,4.267377034E-002
       439,1.178936081E+000,4.840061105E-001,7.711785287E-002
       440,1.080000000E+000,5.800000000E-001,3.382263333E-002
       441,1.077085552E+000,4.829519927E-001,7.128075510E-002
       442,9.800000000E-001,5.800000000E-001,3.039016202E-002
       443,9.740319153E-001,4.812218693E-001,6.832576543E-002
       444,8.800000000E-001,5.800000000E-001,2.920895629E-002
       445,8.696279090E-001,4.808975162E-001,6.855326146E-002
       446,7.800000000E-001,5.800000000E-001,1.448334381E-002
       447,7.745482960E-001,4.937057016E-001,3.014481999E-002
       448,6.800000000E-001,5.800000000E-001,1.462203090E-005
       449,6.864445019E-001,5.026828209E-001,1.018485636E-005
       450,5.800000000E-001,5.800000000E-001,1.462205546E-005
       451,5.996911320E-001,5.046234203E-001,9.355199948E-010
       452,4.987689913E-001,5.878139860E-001,7.927637991E-010
       453,5.153813151E-001,5.030273991E-001,1.019237583E-009
       454,5.800000000E-001,6.800000000E-001,2.429295827E-011
       455,4.915778557E-001,6.833838001E-001,2.609849999E-013
       456,5.800000000E-001,7.800000000E-001,2.899510245E-015
       457,4.880958533E-001,7.819233254E-001,4.265122598E-015
       458,5.800000000E-001,8.800000000E-001,4.410463710E-015
       459,4.863611083E-001,8.814548407E-001,2.508053545E-015
       460,5.800000000E-001,9.800000000E-001,2.488273420E-015
       461,4.855131578E-001,9.812228871E-001,1.246116332E-015
       462,4.852427443E-001,1.080787694E+000,7.587124513E-016
       463,4.857441751E-001,1.179562675E+000,3.462986208E-016
       464,5.832097558E-001,1.275959045E+000,2.211062645E-016
       465,4.858559497E-001,1.277801636E+000,8.585822415E-017
       466,6.814300629E-001,1.274843640E+000,3.043215473E-016
       467,0.000000000E+000,2.800000000E+000,0.000000000E+000
       468,1.009131813E-001,2.807549919E+000,0.000000000E+000
       469,0.000000000E+000,2.700000000E+000,0.000000000E+000
       470,1.094749424E-001,2.707911376E+000,0.000000000E+000
       471,0.000000000E+000,2.600000000E+000,0.000000000E+000
       472,1.162692808E-001,2.601707333E+000,0.000000000E+000
       473,0.000000000E+000,2.500000000E+000,0.000000000E+000
       474,1.201226554E-001,2.491497110E+000,4.203895393E-045
       475,0.000000000E+000,2.400000000E+000,0.000000000E+000
       476,1.124167223E-001,2.385656139E+000,3.012791698E-043
       477,0.000000000E+000,2.300000000E+000,0.000000000E+000
       478,1.057292298E-001,2.284660898E+000,2.888636654E-041
       479,0.000000000E+000,2.200000000E+000,0.000000000E+000
       480,1.015842242E-001,2.185652933E+000,3.905648633E-039
       481,0.000000000E+000,2.100000000E+000,0.000000000E+000
       482,9.919751181E-002,2.087139562E+000,1.956912044E-038
       483,0.000000000E+000,2.000000000E+000,0.000000000E+000
       484,9.783603061E-002,1.988589999E+000,3.436697712E-036
       485,0.000000000E+000,1.900000000E+000,0.000000000E+000
       486,9.706964278E-002,1.889871827E+000,5.016967645E-034
       487,0.000000000E+000,1.800000000E+000,0.000000000E+000
       488,9.668040221E-002,1.790976510E+000,1.022442690E-033
       489,0.000000000E+000,1.700000000E+000,0.000000000E+000
       490,9.656326062E-002,1.691919957E+000,2.927163135E-031
       491,0.000000000E+000,1.600000000E+000,0.000000000E+000
       492,9.665270311E-002,1.592716398E+000,3.413400872E-029
       493,0.000000000E+000,1.500000000E+000,0.000000000E+000
       494,9.688127348E-002,1.493374204E+000,4.167632474E-028
       495,0.000000000E+000,1.400000000E+000,0.000000000E+000
       496,9.717598480E-002,1.393893745E+000,2.262882944E-027
       497,0.000000000E+000,1.300000000E+000,0.000000000E+000
       498,9.747922021E-002,1.294262137E+000,6.865468784E-027
       499,0.000000000E+000,1.200000000E+000,0.000000000E+000
       500,9.777452722E-002,1.194466759E+000,1.666228614E-026
       501,0.000000000E+000,1.100000000E+000,0.000000000E+000
       502,9.809715998E-002,1.094512691E+000,4.336698423E-026
       503,0.000000000E+000,1.000000000E+000,0.000000000E+000
       504,9.853258618E-002,9.944385187E-001,1.705325609E-025
       505,0.000000000E+000,9.000000000E-001,0.000000000E+000
       506,9.919411315E-002,8.943323324E-001,2.978440194E-024
       507,0.000000000E+000,8.000000000E-001,0.000000000E+000
       508,1.002123956E-001,7.942997410E-001,3.482600410E-024
       509,0.000000000E+000,7.000000000E-001,0.000000000E+000
       510,1.017318555E-001,6.943946452E-001,3.529712303E-022
       511,0.000000000E+000,6.000000000E-001,0.000000000E+000
       512,1.038440538E-001,5.945326182E-001,3.614339787E-022
       513,0.000000000E+000,5.000000000E-001,0.000000000E+000
       514,1.063183367E-001,4.943610309E-001,0.000000000E+000
       515,0.000000000E+000,4.000000000E-001,0.000000000E+000
       516,1.081195811E-001,3.940394957E-001,0.000000000E+000
       517,0.000000000E+000,3.000000000E-001,0.000000000E+000
       518,1.067691814E-001,2.945171871E-001,5.130978125E-026
       519,0.000000000E+000,2.000000000E-001,0.000000000E+000
       520,1.045316648E-001,1.960092639E-001,1.003174938E-025
       521,4.000000000E+000,2.000000000E-001,6.211041659E-002
       522,3.900739414E+000,1.989543895E-001,6.690203398E-002
       523,4.000000000E+000,3.000000000E-001,9.608335048E-002
       524,3.901048194E+000,2.985072963E-001,1.026996449E-001
       525,4.000000000E+000,4.000000000E-001,1.262255460E-001
       526,3.901298363E+000,3.981382180E-001,1.330613047E-001
       527,4.000000000E+000,5.000000000E-001,1.476927102E-001
       528,3.901489839E+000,4.978410418E-001,1.548008919E-001
       529,4.000000000E+000,6.000000000E-001,1.532428712E-001
       530,3.901627910E+000,5.976044039E-001,1.585983485E-001
       531,4.000000000E+000,7.000000000E-001,1.507802010E-001
       532,3.901716830E+000,6.974121998E-001,1.532237679E-001
       533,4.000000000E+000,8.000000000E-001,1.445938498E-001
       534,3.901740934E+000,7.972375074E-001,1.443607658E-001
       535,4.000000000E+000,9.000000000E-001,1.357563287E-001
       536,3.901637601E+000,8.970412097E-001,1.332813948E-001
       537,4.000000000E+000,1.000000000E+000,1.241966709E-001
       538,3.901270458E+000,9.967856720E-001,1.198413447E-001
       539,4.000000000E+000,1.100000000E+000,1.092568040E-001
       540,3.900414292E+000,1.096504797E+000,1.031918377E-001
       541,4.000000000E+000,1.200000000E+000,8.959827572E-002
       542,3.898797724E+000,1.196438946E+000,8.140438795E-002
       543,4.000000000E+000,1.300000000E+000,6.334650517E-002
       544,3.896369226E+000,1.297161879E+000,5.281344801E-002
       545,4.000000000E+000,1.400000000E+000,3.606197238E-002
       546,3.894090856E+000,1.399362090E+000,2.656345069E-002
       547,4.000000000E+000,1.500000000E+000,1.757579297E-002
       548,3.894738761E+000,1.502452019E+000,1.231423020E-002
       549,4.000000000E+000,1.600000000E+000,8.759303018E-003
       550,3.896363137E+000,1.604627475E+000,6.257376168E-003
       551,4.000000000E+000,1.700000000E+000,4.956257995E-003
       552,3.897882868E+000,1.705662346E+000,3.672002349E-003
       553,4.000000000E+000,1.800000000E+000,3.078739624E-003
       554,3.898993498E+000,1.805846705E+000,2.350444905E-003
       555,4.000000000E+000,1.900000000E+000,1.999398461E-003
       556,3.899722293E+000,1.905511657E+000,1.554893795E-003
       557,4.000000000E+000,2.000000000E+000,1.309015788E-003
       558,3.900186426E+000,2.004909167E+000,1.025213860E-003
       559,4.000000000E+000,2.100000000E+000,8.393370081E-004
       560,3.900497151E+000,2.104204578E+000,6.554781576E-004
       561,4.000000000E+000,2.200000000E+000,5.113867228E-004
       562,3.900720454E+000,2.203494733E+000,3.944966302E-004
       563,4.000000000E+000,2.300000000E+000,2.824832918E-004
       564,3.900866826E+000,2.302829028E+000,2.120721037E-004
       565,4.000000000E+000,2.400000000E+000,1.281841105E-004
       566,3.900910070E+000,2.402230000E+000,9.058837895E-005
       567,4.000000000E+000,2.500000000E+000,3.875995753E-005
       568,3.900820461E+000,2.501706510E+000,2.436855357E-005
       569,4.000000000E+000,2.600000000E+000,5.023614904E-006
       570,3.900592259E+000,2.601256740E+000,2.659722895E-006
       571,4.000000000E+000,2.700000000E+000,1.624756329E-008
       572,3.900250788E+000,2.700873680E+000,1.865362442E-008
       573,4.000000000E+000,2.800000000E+000,1.013392570E-008
       574,3.899838114E+000,2.800547833E+000,1.623688384E-008
       575,4.000000000E+000,2.900000000E+000,6.287402154E-009
       576,3.899393746E+000,2.900261921E+000,1.013577755E-008
       577,3.898947368E+000,3.000000000E+000,5.944562620E-009
       578,3.797894737E+000,3.000000000E+000,1.275100026E-008
       579,3.798820739E+000,2.900514811E+000,2.172723867E-008
       580,3.696842105E+000,3.000000000E+000,2.582982894E-008
       581,3.698320426E+000,2.900743324E+000,4.425578837E-008
       582,3.595789474E+000,3.000000000E+000,4.946360832E-008
       583,3.597923361E+000,2.900916428E+000,8.555104358E-008
       584,3.494736842E+000,3.000000000E+000,8.972632770E-008
       585,3.497658092E+000,2.901008442E+000,1.569516428E-007
       586,3.393684211E+000,3.000000000E+000,1.547585669E-007
       587,3.397536377E+000,2.901011398E+000,2.737361626E-007
       588,3.292631579E+000,3.000000000E+000,2.550897591E-007
       589,3.297543521E+000,2.900938081E+000,4.551714312E-007
       590,3.191578947E+000,3.000000000E+000,4.042859700E-007
       591,3.197632874E+000,2.900813224E+000,7.241534377E-007
       592,3.090526316E+000,3.000000000E+000,6.207449701E-007
       593,3.097730364E+000,2.900660915E+000,1.106617106E-006
       594,2.989473684E+000,3.000000000E+000,9.309520692E-007
       595,2.997741054E+000,2.900491935E+000,1.631380087E-006
       596,2.888421053E+000,3.000000000E+000,1.342660426E-006
       597,2.897558575E+000,2.900298316E+000,2.309501042E-006
       598,2.787368421E+000,3.000000000E+000,1.824182732E-006
       599,2.797076569E+000,2.900053972E+000,3.096154842E-006
       600,2.686315790E+000,3.000000000E+000,2.286206609E-006
       601,2.696196336E+000,2.899710085E+000,3.827389264E-006
       602,2.585263158E+000,3.000000000E+000,2.449162594E-006
       603,2.594830796E+000,2.899205720E+000,4.005745268E-006
       604,2.484210526E+000,3.000000000E+000,1.365747153E-006
       605,2.492906359E+000,2.898517789E+000,2.359032123E-006
       606,2.383157895E+000,3.000000000E+000,2.014788407E-007
       607,2.390367653E+000,2.897744460E+000,4.570854344E-007
       608,2.282105263E+000,3.000000000E+000,4.312369128E-008
       609,2.287208694E+000,2.897152307E+000,4.303409185E-008
       610,7.191427586E-001,1.624416792E-001,1.513149031E-002
       611,7.988789000E-001,1.665938483E-001,5.013164878E-002
       612,6.427068354E-001,1.699378874E-001,4.445216746E-006
       613,6.447009861E-001,3.222940569E-001,0.000000000E+000
       614,5.870187157E-001,3.031055648E-001,0.000000000E+000
       615,6.254321030E-001,2.587463757E-001,0.000000000E+000
       616,1.584609909E+000,2.579529390E+000,0.000000000E+000
       617,1.585708867E+000,2.663959259E+000,0.000000000E+000
       618,1.585840826E+000,2.748183819E+000,0.000000000E+000
       619,1.585215277E+000,2.832237873E+000,0.000000000E+000
       620,2.293276223E+000,2.793804855E+000,7.533416380E-008
       621,2.301200732E+000,2.688889860E+000,1.519741204E-007
       622,2.312606449E+000,2.579703634E+000,2.497049536E-007
       623,2.333044769E+000,2.456295574E+000,4.361193646E-007
       624,2.299903479E+000,2.350841046E+000,2.843677862E-007
       625,2.286919784E+000,2.253524866E+000,1.678189534E-007
       626,2.280939057E+000,2.156450527E+000,6.448383516E-008
       627,2.278072608E+000,2.058376561E+000,1.556233364E-008
       628,2.276730497E+000,1.959487300E+000,7.025457105E-009
       629,2.276204746E+000,1.860236216E+000,8.868764390E-009
       630,2.276207399E+000,1.761078077E+000,1.848059661E-008
       631,2.276641067E+000,1.662379142E+000,4.639738194E-008
       632,2.277416660E+000,1.564216914E+000,1.623168799E-007
       633,2.177793176E+000,1.465882954E+000,2.030139115E-007
       634,2.278286401E+000,1.465396541E+000,7.117524206E-007
       635,2.078071087E+000,1.466521059E+000,2.710906521E-008
       636,1.978522602E+000,1.467049067E+000,1.243072919E-011
       637,1.878963763E+000,1.467373293E+000,4.364974653E-015
       638,1.779332531E+000,1.467497072E+000,7.628598422E-017
       639,1.679596423E+000,1.467460919E+000,3.777326223E-017
       640,1.579737781E+000,1.467319657E+000,1.850647545E-017
       641,1.479757030E+000,1.467130440E+000,8.622246982E-018
       642,1.379673723E+000,1.466945721E+000,3.665633100E-018
       643,1.279525477E+000,1.466810718E+000,1.315298858E-018
       644,1.179369580E+000,1.466760168E+000,3.535475145E-019
       645,1.079284659E+000,1.466806652E+000,9.784440292E-020
       646,9.793593055E-001,1.466940770E+000,6.788079336E-020
       647,8.796721180E-001,1.467168432E+000,4.622264583E-020
       648,7.802894107E-001,1.467567962E+000,2.992821851E-020
       649,6.812930187E-001,1.468343096E+000,1.769234802E-020
       650,5.828206010E-001,1.469858717E+000,8.538366694E-021
       651,4.850517478E-001,1.472608820E+000,2.332438089E-021
       652,3.871076344E-001,1.573698157E+000,7.480771120E-024
       653,3.877023050E-001,1.476504448E+000,3.117216368E-023
       654,3.867339109E-001,1.670331819E+000,5.337119343E-027
       655,3.867813175E-001,1.766487181E+000,5.305900886E-029
       656,3.872117086E-001,1.862255299E+000,4.606918937E-031
       657,3.880438451E-001,1.957615550E+000,1.444178288E-033
       658,3.893979815E-001,2.052388081E+000,1.980320694E-035
       659,3.914510145E-001,2.146156775E+000,1.523025450E-037
       660,3.943229907E-001,2.238166159E+000,9.066947571E-040
       661,3.973585774E-001,2.327318207E+000,4.531799234E-042
       662,3.968132529E-001,2.413533234E+000,3.783505854E-044
       663,3.706544602E-001,2.509636905E+000,0.000000000E+000
       664,4.686667673E-001,2.635874628E+000,0.000000000E+000
       665,3.535431085E-001,2.629037041E+000,0.000000000E+000
       666,5.783975483E-001,2.635499636E+000,0.000000000E+000
       667,6.855877580E-001,2.630807425E+000,0.000000000E+000
       668,7.910979581E-001,2.621772584E+000,0.000000000E+000
       669,8.931339061E-001,2.608818189E+000,0.000000000E+000
       670,9.919002432E-001,2.598808355E+000,0.000000000E+000
       671,1.090004259E+000,2.592021786E+000,0.000000000E+000
       672,1.188644985E+000,2.587388833E+000,0.000000000E+000
       673,1.287799338E+000,2.584315412E+000,0.000000000E+000
       674,1.386911006E+000,2.582076137E+000,0.000000000E+000
       675,1.485819850E+000,2.580535891E+000,0.000000000E+000
       676,3.801482584E+000,1.978328426E-001,7.626795769E-002
       677,3.802105668E+000,2.968912753E-001,1.137322411E-001
       678,3.802610155E+000,3.961017196E-001,1.449111849E-001
       679,3.802986695E+000,4.954499266E-001,1.664141417E-001
       680,3.803243863E+000,5.949267175E-001,1.649461687E-001
       681,3.803399840E+000,6.945115321E-001,1.522493064E-001
       682,3.803436392E+000,7.941282917E-001,1.372726262E-001
       683,3.803254844E+000,8.936571287E-001,1.215296984E-001
       684,3.802620962E+000,9.929649529E-001,1.046365499E-001
       685,3.801078848E+000,1.092018604E+000,8.514556289E-002
       686,3.797847846E+000,1.191180362E+000,5.794121325E-002
       687,3.791965011E+000,1.291811764E+000,2.901753411E-002
       688,3.784291824E+000,1.396878392E+000,1.140798721E-002
       689,3.787960858E+000,1.505406915E+000,5.390876438E-003
       690,3.792637327E+000,1.610286879E+000,3.185181180E-003
       691,3.796202836E+000,1.712256087E+000,2.110762987E-003
       692,3.798541343E+000,1.812436759E+000,1.437149360E-003
       693,3.799974647E+000,1.911617660E+000,9.643538506E-004
       694,3.800841293E+000,2.010298798E+000,6.219167844E-004
       695,3.801388766E+000,2.108785704E+000,3.785859153E-004
       696,3.801750216E+000,2.207258208E+000,2.116997057E-004
       697,3.801956267E+000,2.305820474E+000,9.620346100E-005
       698,3.801973454E+000,2.404535978E+000,2.956942990E-005
       699,3.801754370E+000,2.503438673E+000,5.007601885E-006
       700,3.801283078E+000,2.602518336E+000,1.627136328E-007
       701,3.800593673E+000,2.701744393E+000,3.322120179E-008
       702,3.799752180E+000,2.801091040E+000,3.490063349E-008
       703,1.487249520E+000,2.833232024E+000,0.000000000E+000
       704,1.388748237E+000,2.834722216E+000,0.000000000E+000
       705,1.290476605E+000,2.836682762E+000,0.000000000E+000
       706,1.193718485E+000,2.839126398E+000,0.000000000E+000
       707,1.101157297E+000,2.841964027E+000,0.000000000E+000
       708,1.018002711E+000,2.844996360E+000,0.000000000E+000
       709,9.546731813E-001,2.846743915E+000,0.000000000E+000
       710,9.241944799E-001,2.789255909E+000,0.000000000E+000
       711,5.819225360E-001,2.754391734E+000,0.000000000E+000
       712,6.927635021E-001,2.746476823E+000,0.000000000E+000
       713,4.678895737E-001,2.759457529E+000,0.000000000E+000
       714,3.386115395E-001,2.766539384E+000,0.000000000E+000
       715,2.686214192E-001,2.834822362E+000,0.000000000E+000
       716,1.949541616E-001,2.818804831E+000,0.000000000E+000
       717,2.199992033E-001,2.724040064E+000,0.000000000E+000
       718,2.363383958E-001,2.607929728E+000,0.000000000E+000
       719,2.561957102E-001,2.474621132E+000,7.006492322E-044
       720,2.217241506E-001,2.365068792E+000,2.962344954E-042
       721,2.078399002E-001,2.267210585E+000,2.917699585E-040
       722,2.009641250E-001,2.170982633E+000,1.251638107E-038
       723,1.972757094E-001,2.074492253E+000,7.756904913E-037
       724,1.951972522E-001,1.977484102E+000,1.701043641E-034
       725,1.940292915E-001,1.880033804E+000,6.551923577E-034
       726,1.934357330E-001,1.782234756E+000,1.896701277E-031
       727,1.932599358E-001,1.684139082E+000,5.009318808E-029
       728,1.934090985E-001,1.585765471E+000,2.099975993E-028
       729,1.937801446E-001,1.487120472E+000,3.258804737E-026
       730,1.942583987E-001,1.388207962E+000,4.222321789E-025
       731,1.947511609E-001,1.289007535E+000,2.141794631E-024
       732,1.952371005E-001,1.189514787E+000,6.031770110E-024
       733,1.957839251E-001,1.089748027E+000,1.177370483E-023
       734,1.965565256E-001,9.897741615E-001,2.435217559E-023
       735,1.977839827E-001,8.897331541E-001,2.430649076E-022
       736,1.997783230E-001,7.897905785E-001,1.191614863E-021
       737,2.029673717E-001,6.900408480E-001,3.725925468E-019
       738,2.078486457E-001,5.903843039E-001,1.082781490E-018
       739,2.144566844E-001,4.894625085E-001,7.539861402E-019
       740,2.099065610E-001,1.914597209E-001,0.000000000E+000
       741,2.155717742E-001,2.878649772E-001,0.000000000E+000
       742,3.158543163E-001,1.859620934E-001,0.000000000E+000
       743,4.209679501E-001,1.808553686E-001,0.000000000E+000
       744,5.455385657E-001,1.944812135E-001,0.000000000E+000
       745,8.882515013E-001,1.777223402E-001,7.998536527E-002
       746,9.857072963E-001,1.861768997E-001,9.167935699E-002
       747,1.086187967E+000,1.910928370E-001,9.652958810E-002
       748,1.187450661E+000,1.935076497E-001,9.740786999E-002
       749,1.288733204E+000,1.944966005E-001,9.645000845E-002
       750,1.389788955E+000,1.948205748E-001,9.480084479E-002
       751,1.490575410E+000,1.949333836E-001,9.279289842E-002
       752,1.591125976E+000,1.950496262E-001,9.059073031E-002
       753,1.691480975E+000,1.952840709E-001,8.828999102E-002
       754,1.791682506E+000,1.957657432E-001,8.596768975E-002
       755,1.891775329E+000,1.966989829E-001,8.371082693E-002
       756,1.991837678E+000,1.984085556E-001,8.163239807E-002
       757,2.092061985E+000,2.013557743E-001,7.986596972E-002
       758,2.192917526E+000,2.061135791E-001,7.880676538E-002
       759,2.295517883E+000,2.133867439E-001,7.966027409E-002
       760,2.402707786E+000,2.247061605E-001,8.512086421E-002
       761,2.524428193E+000,2.454306151E-001,1.013346538E-001
       762,2.629174019E+000,2.143553735E-001,8.012134582E-002
       763,2.725036842E+000,2.023867926E-001,7.481189072E-002
       764,2.820406744E+000,1.969257212E-001,7.477381825E-002
       765,2.916592173E+000,1.943011636E-001,7.733849436E-002
       766,3.013522020E+000,1.930654443E-001,8.129123598E-002
       767,3.110964330E+000,1.925838408E-001,8.583906293E-002
       768,3.208777965E+000,1.925691439E-001,9.023629874E-002
       769,3.306915172E+000,1.928972558E-001,9.369554371E-002
       770,3.405370900E+000,1.935221222E-001,9.540756792E-002
       771,3.504129709E+000,1.944150848E-001,9.464835376E-002
       772,3.603120527E+000,1.955004866E-001,9.101620317E-002
       773,3.702256961E+000,1.966770309E-001,8.467239141E-002
       774,3.699791186E+000,2.801571423E+000,7.206504193E-008
       775,3.600018956E+000,2.801950461E+000,1.420595055E-007
       776,3.500494254E+000,2.802182332E+000,2.665018428E-007
       777,3.401248967E+000,2.802249062E+000,4.756539056E-007
       778,3.302264545E+000,2.802171227E+000,8.083934517E-007
       779,3.203451765E+000,2.801990298E+000,1.309543109E-006
       780,3.104677551E+000,2.801747146E+000,2.023207799E-006
       781,3.005782331E+000,2.801461408E+000,2.981784974E-006
       782,2.906587907E+000,2.801116239E+000,4.206218364E-006
       783,2.806900481E+000,2.800647291E+000,5.662758667E-006
       784,2.706509989E+000,2.799933888E+000,7.091483894E-006
       785,2.605190642E+000,2.798817903E+000,7.432819984E-006
       786,2.502707614E+000,2.797196841E+000,4.511152838E-006
       787,2.398838092E+000,2.795243820E+000,1.000054453E-006
       788,5.093192014E-001,2.734451767E-001,0.000000000E+000
       789,3.263672198E-001,2.779029744E-001,1.227912396E-019
       790,4.207864902E-001,2.599813981E-001,9.380147367E-020
       791,5.605782600E-001,3.603501207E-001,7.711248307E-011
       792,4.871674251E-001,3.414344750E-001,8.559105302E-014
       793,6.284106981E-001,3.709929334E-001,5.540137793E-011
       794,6.868046612E-001,3.671291160E-001,7.885045488E-005
       795,8.764188492E-001,2.663482738E-001,1.821738333E-001
       796,7.803298157E-001,1.274193414E+000,3.737930191E-016
       797,8.797068068E-001,1.273814200E+000,4.546736277E-016
       798,9.794215371E-001,1.273594226E+000,5.523995775E-016
       799,1.079368480E+000,1.273487993E+000,6.691461816E-016
       800,1.179453686E+000,1.273484575E+000,8.102289951E-016
       801,1.279590729E+000,1.273575613E+000,9.839269182E-016
       802,1.379706750E+000,1.273737154E+000,1.201342276E-015
       803,1.479747619E+000,1.273928357E+000,1.477448230E-015
       804,1.579680640E+000,1.274099631E+000,1.832774104E-015
       805,1.679494755E+000,1.274202308E+000,2.295668081E-015
       806,1.779184805E+000,1.274188606E+000,2.954096648E-015
       807,1.878709072E+000,1.273999433E+000,3.514552202E-013
       808,1.977901807E+000,1.273522609E+000,7.228726506E-010
       809,2.076373953E+000,1.272470443E+000,2.151601620E-006
       810,2.173739243E+000,1.269975248E+000,8.703830645E-006
       811,2.254190448E+000,1.173679795E+000,1.118440341E-004
       812,2.272354054E+000,1.262845922E+000,1.741979395E-005
       813,2.256923488E+000,1.089556486E+000,2.062658081E-003
       814,2.262153006E+000,9.997132508E-001,1.590181515E-002
       815,2.266290637E+000,9.053855870E-001,2.992454171E-002
       816,2.269132360E+000,8.085834450E-001,2.374925464E-002
       817,2.271369237E+000,7.107182470E-001,1.645120606E-002
       818,2.273844174E+000,6.127523977E-001,6.196478382E-002
       819,2.277387325E+000,5.154018704E-001,1.300412416E-001
       820,2.183559492E+000,4.057203389E-001,1.801919192E-001
       821,2.282533587E+000,4.173015248E-001,1.799241155E-001
       822,2.084349739E+000,3.974316710E-001,1.806562245E-001
       823,1.984746158E+000,3.928598817E-001,1.809192002E-001
       824,1.884894725E+000,3.904698276E-001,1.806572378E-001
       825,1.784863201E+000,3.892546933E-001,1.800555736E-001
       826,1.684661869E+000,3.886597509E-001,1.790980101E-001
       827,1.584269582E+000,3.883954702E-001,1.777602434E-001
       828,1.483653630E+000,3.883115345E-001,1.760258079E-001
       829,1.382759896E+000,3.883148305E-001,1.739243716E-001
       830,1.281443074E+000,3.881372508E-001,1.716548800E-001
       831,1.179517479E+000,3.872050316E-001,1.697670668E-001
       832,1.076394358E+000,3.846483188E-001,1.693819761E-001
       833,9.697076530E-001,3.791404612E-001,1.722001582E-001
       834,8.489105903E-001,3.670916488E-001,2.026243061E-001
       835,7.627155680E-001,4.098489227E-001,8.082986623E-002
       836,6.889358500E-001,4.292841483E-001,3.116367952E-005
       837,6.145059897E-001,4.332614581E-001,3.159587036E-010
       838,5.364254243E-001,4.268133694E-001,3.670104498E-010
       839,4.254704542E-001,4.959837327E-001,3.549107622E-013
       840,4.518083544E-001,4.107603055E-001,2.531844363E-013
       841,4.085487062E-001,5.883834274E-001,1.869687944E-013
       842,3.993004415E-001,6.852554880E-001,1.025910755E-016
       843,3.943126651E-001,7.839885243E-001,1.079947685E-016
       844,3.916234637E-001,8.835178250E-001,4.755792627E-018
       845,3.901829928E-001,9.832705306E-001,2.011903841E-018
       846,3.894519639E-001,1.082861886E+000,1.186968714E-018
       847,3.891445266E-001,1.182004083E+000,5.450579984E-019
       848,3.888033537E-001,1.280684809E+000,1.505288545E-019
       849,4.856392492E-001,1.375632604E+000,8.303578960E-018
       850,3.883349425E-001,1.378898447E+000,1.457739909E-020
       851,5.833034950E-001,1.373255406E+000,2.324032918E-017
       852,6.815939510E-001,1.371818282E+000,3.233117480E-017
       853,2.827256820E+000,2.603834620E+000,7.893845577E-006
       854,2.924455012E+000,2.604456803E+000,4.829060344E-006
       855,3.021141819E+000,2.604870464E+000,2.829431878E-006
       856,3.117571349E+000,2.605194042E+000,1.683953201E-006
       857,3.213952986E+000,2.605447360E+000,9.989151977E-007
       858,3.310497488E+000,2.605593345E+000,5.736447406E-007
       859,3.407457058E+000,2.605565067E+000,3.178627992E-007
       860,3.505130652E+000,2.605275582E+000,1.694345713E-007
       861,3.604457445E+000,2.506411611E+000,3.222730882E-008
       862,3.603422221E+000,2.604622517E+000,8.598788526E-008
       863,3.604964038E+000,2.408694128E+000,3.219274447E-007
       864,3.605085793E+000,2.311665115E+000,3.153850457E-006
       865,3.604976038E+000,2.215073201E+000,4.643071406E-006
       866,3.604700412E+000,2.118712305E+000,4.578305015E-005
       867,3.604206054E+000,2.022405542E+000,1.378041197E-004
       868,3.603278821E+000,1.925934048E+000,3.345306613E-004
       869,3.601463219E+000,1.828960224E+000,7.552390452E-004
       870,3.597894501E+000,1.730937975E+000,1.407342730E-003
       871,3.590973886E+000,1.631045565E+000,2.314070240E-003
       872,3.578029710E+000,1.528635135E+000,4.097879864E-003
       873,3.464531140E+000,1.445127021E+000,7.387710270E-003
       874,3.557363693E+000,1.427248891E+000,7.139832713E-003
       875,3.373198431E+000,1.455453594E+000,7.555759978E-003
       876,3.281269231E+000,1.461184087E+000,7.719715592E-003
       877,3.188711063E+000,1.464621811E+000,7.847115397E-003
       878,3.095761276E+000,1.467128897E+000,7.823643275E-003
       879,3.002719593E+000,1.469748998E+000,7.493717596E-003
       880,2.910084579E+000,1.473482156E+000,6.676835008E-003
       881,2.819005403E+000,1.479436710E+000,5.142187234E-003
       882,2.732071903E+000,1.488518312E+000,2.558986191E-003
       883,2.653332893E+000,1.498402281E+000,8.094037767E-004
       884,2.572549529E+000,1.487199215E+000,2.766888647E-004
       885,2.473708867E+000,1.569203224E+000,3.397335604E-005
       886,2.479737730E+000,1.475044377E+000,1.345469645E-004
       887,2.471120946E+000,1.663255203E+000,1.360375791E-005
       888,2.469961470E+000,1.758421301E+000,8.367931514E-006
       889,2.469555908E+000,1.854293009E+000,6.784327525E-006
       890,2.469667668E+000,1.950298881E+000,6.232235592E-006
       891,2.470279823E+000,2.045802750E+000,6.062472949E-006
       892,2.471470201E+000,2.139962369E+000,6.015623057E-006
       893,2.473161216E+000,2.231532816E+000,5.871139820E-006
       894,2.474408107E+000,2.318807394E+000,5.226184840E-006
       895,2.471310731E+000,2.400657720E+000,4.427570275E-006
       896,2.443746862E+000,2.487426455E+000,3.658277592E-006
       897,2.423500290E+000,2.588844063E+000,2.676319355E-006
       898,2.514266975E+000,2.696115019E+000,7.256538993E-006
       899,2.409415568E+000,2.692170399E+000,1.718469662E-006
       900,2.616747825E+000,2.699021781E+000,1.144987255E-005
       901,2.717459904E+000,2.700833612E+000,1.027477083E-005
       902,2.872533496E+000,1.282688528E+000,3.101335466E-002
       903,2.968967779E+000,1.278074801E+000,2.950870618E-002
       904,3.063480204E+000,1.275237474E+000,2.609037422E-002
       905,3.157071246E+000,1.273087067E+000,2.231179923E-002
       906,3.249927354E+000,1.270864264E+000,1.894058660E-002
       907,3.341782725E+000,1.268042199E+000,1.585724950E-002
       908,3.431923588E+000,1.264288059E+000,1.288692653E-002
       909,3.518952195E+000,1.260256791E+000,1.020303275E-002
       910,3.605453512E+000,1.174190338E+000,6.315160077E-003
       911,3.601352786E+000,1.259794970E+000,7.776085287E-003
       912,3.606439960E+000,1.081174928E+000,8.984498680E-003
       913,3.606744692E+000,9.845701564E-001,2.746994048E-002
       914,3.606848259E+000,8.862342643E-001,4.806683958E-002
       915,3.606839785E+000,7.871305255E-001,7.547987998E-002
       916,3.606744051E+000,6.878004693E-001,1.170797348E-001
       917,3.606549942E+000,5.886307455E-001,1.554585099E-001
       918,3.606197957E+000,4.899678629E-001,1.777600199E-001
       919,3.507287423E+000,3.893917984E-001,1.629440784E-001
       920,3.605495260E+000,3.915785336E-001,1.593024582E-001
       921,3.409621935E+000,3.875692936E-001,1.647277176E-001
       922,3.312803360E+000,3.864744028E-001,1.649653018E-001
       923,3.216579175E+000,3.859043679E-001,1.642433703E-001
       924,3.120782131E+000,3.857378327E-001,1.631694436E-001
       925,3.025398311E+000,3.859334313E-001,1.621908098E-001
       926,2.930649230E+000,3.864790251E-001,1.616451740E-001
       927,2.837122240E+000,3.873105890E-001,1.617652029E-001
       928,2.745924763E+000,3.880982341E-001,1.625904292E-001
       929,2.658714946E+000,3.876554577E-001,1.632890105E-001
       930,2.576667489E+000,3.821999858E-001,1.672639102E-001
       931,2.477484889E+000,4.504734429E-001,1.803340167E-001
       932,2.491330123E+000,3.528318932E-001,1.721985042E-001
       933,2.470666896E+000,5.478341447E-001,1.344010830E-001
       934,2.466875208E+000,6.458105159E-001,9.546958655E-002
       935,2.464200372E+000,7.441562674E-001,7.380933315E-002
       936,2.461193177E+000,8.423805974E-001,6.959168613E-002
       937,2.456177749E+000,9.400193687E-001,6.385974586E-002
       938,2.446552773E+000,1.036957585E+000,3.937902302E-002
       939,2.427130512E+000,1.134453354E+000,1.038545556E-002
       940,2.383452929E+000,1.239266851E+000,2.709448745E-004
       941,2.492309496E+000,1.377962666E+000,9.695173358E-004
       942,2.383818168E+000,1.362568325E+000,2.322918954E-005
       943,2.589346426E+000,1.402992485E+000,1.687924378E-003
       944,1.487316852E+000,2.665232974E+000,0.000000000E+000
       945,1.487509758E+000,2.749468647E+000,0.000000000E+000
       946,2.381748894E+000,2.238476480E+000,5.640813470E-007
       947,2.389667910E+000,2.322795619E+000,7.061476026E-007
       948,2.377249071E+000,2.146606145E+000,4.184543627E-007
       949,2.374834986E+000,2.051370078E+000,3.352387807E-007
       950,2.373655249E+000,1.954567303E+000,3.064966734E-007
       951,2.373260738E+000,1.857156340E+000,3.111877049E-007
       952,2.373496440E+000,1.759745868E+000,3.777123823E-007
       953,2.374434073E+000,1.662676513E+000,6.172807616E-007
       954,2.376336506E+000,1.565738119E+000,1.507448815E-006
       955,2.379565617E+000,1.467222776E+000,5.118151876E-006
       956,2.277774055E+000,1.364584534E+000,3.413722652E-006
       957,2.176636180E+000,1.367481505E+000,1.231912847E-006
       958,2.077278850E+000,1.369227291E+000,2.186097845E-007
       959,1.978092033E+000,1.370178697E+000,8.905816362E-011
       960,1.878728973E+000,1.370661019E+000,3.386852769E-014
       961,1.779185886E+000,1.370850969E+000,5.372063475E-016
       962,1.679492059E+000,1.370849083E+000,3.525084840E-016
       963,1.579660108E+000,1.370726455E+000,2.404016353E-016
       964,1.479699852E+000,1.370543808E+000,1.690616088E-016
       965,1.379632675E+000,1.370356284E+000,1.234150827E-016
       966,1.279498630E+000,1.370212946E+000,9.402225857E-017
       967,1.179359072E+000,1.370150619E+000,7.489602962E-017
       968,1.079295068E+000,1.370185418E+000,6.193194552E-017
       969,9.793972799E-001,1.370318887E+000,5.215953119E-017
       970,8.797538080E-001,1.370568846E+000,4.418780965E-017
       971,7.804516721E-001,1.371012037E+000,3.766637395E-017
       972,2.321747559E+000,1.165922453E+000,1.022024080E-004
       973,2.339770429E+000,1.099431403E+000,1.589046791E-003
       974,2.352282054E+000,1.013951584E+000,1.938632503E-002
       975,2.359870872E+000,9.208710326E-001,4.168862104E-002
       976,2.364392482E+000,8.246035792E-001,4.171553999E-002
       977,2.367511205E+000,7.269961980E-001,4.058087990E-002
       978,2.370586293E+000,6.290071222E-001,7.671760023E-002
       979,2.374834416E+000,5.310671872E-001,1.314686984E-001
       980,2.381438155E+000,4.325711982E-001,1.797170341E-001
       981,2.289437375E+000,3.172668596E-001,1.668713093E-001
       982,2.391365935E+000,3.317508368E-001,1.699416339E-001
       983,2.188468002E+000,3.073015983E-001,1.663180441E-001
       984,2.088209358E+000,3.005764717E-001,1.670825183E-001
       985,1.988195283E+000,2.964748684E-001,1.686609238E-001
       986,1.888194718E+000,2.941363652E-001,1.708471179E-001
       987,1.788103900E+000,2.928700397E-001,1.734653413E-001
       988,1.687867803E+000,2.922194866E-001,1.763067991E-001
       989,1.587443568E+000,2.919110647E-001,1.792175025E-001
       990,1.486788968E+000,2.917845636E-001,1.820658743E-001
       991,1.385842725E+000,2.916900265E-001,1.846775711E-001
       992,1.284528957E+000,2.913002321E-001,1.867391914E-001
       993,1.182805687E+000,2.899991913E-001,1.876637042E-001
       994,1.080586675E+000,2.867812550E-001,1.870512813E-001
       995,9.778130675E-001,2.799963871E-001,1.842893362E-001
       996,7.351817372E-001,3.427315498E-001,2.200534195E-001
       997,3.703209420E+000,2.951858261E-001,1.213085875E-001
       998,3.703972500E+000,3.939174239E-001,1.534759551E-001
       999,3.704518171E+000,4.928261291E-001,1.736355126E-001
      1000,3.704857704E+000,5.919370589E-001,1.635098457E-001
      1001,3.705051859E+000,6.912709182E-001,1.401285082E-001
      1002,3.705108315E+000,7.906663375E-001,1.168291718E-001
      1003,3.704950948E+000,8.898752676E-001,9.638007730E-002
      1004,3.704358060E+000,9.885708237E-001,6.813895702E-002
      1005,3.702787269E+000,1.086387515E+000,4.207976907E-002
      1006,3.698855305E+000,1.183224084E+000,2.388604917E-002
      1007,3.688770536E+000,1.280569545E+000,1.017966494E-002
      1008,3.660259787E+000,1.388485214E+000,6.769491825E-003
      1009,3.679583203E+000,1.511125798E+000,4.023131449E-003
      1010,3.689812649E+000,1.618391554E+000,2.587275114E-003
      1011,3.695766888E+000,1.720476082E+000,1.719270367E-003
      1012,3.699185450E+000,1.820095920E+000,1.107172924E-003
      1013,3.701110390E+000,1.918454156E+000,6.733754999E-004
      1014,3.702195961E+000,2.016199431E+000,3.828467452E-004
      1015,3.702829797E+000,2.113708901E+000,1.834971627E-004
      1016,3.703205745E+000,2.211211873E+000,7.609773456E-005
      1017,3.703377890E+000,2.308863227E+000,2.799583672E-005
      1018,3.703310651E+000,2.406788548E+000,3.352053909E-006
      1019,3.702930860E+000,2.505079697E+000,1.801237914E-008
      1020,3.702193250E+000,2.603694286E+000,4.119170782E-008
      1021,3.701124378E+000,2.702540365E+000,7.011684033E-008
      1022,3.522185687E-001,3.760543415E-001,1.523932544E-017
      1023,4.248285964E-001,3.210851542E-001,1.087447693E-019
      1024,3.250126882E-001,4.865023792E-001,1.602745817E-016
      1025,3.108457145E-001,5.875523018E-001,1.282110494E-016
      1026,3.027424988E-001,6.871426366E-001,1.393554900E-018
      1027,2.980480368E-001,7.866718627E-001,1.046285661E-018
      1028,2.953375249E-001,8.864306130E-001,2.612403749E-020
      1029,2.937756936E-001,9.862842550E-001,9.250591011E-021
      1030,2.928625667E-001,1.086017973E+000,4.391814488E-021
      1031,2.922785013E-001,1.185458030E+000,2.109925697E-021
      1032,2.917658003E-001,1.284539855E+000,7.874287377E-022
      1033,2.912308057E-001,1.383235830E+000,1.556988905E-022
      1034,2.892276950E+000,1.379979801E+000,1.571852155E-002
      1035,2.799638076E+000,1.389074309E+000,1.278760005E-002
      1036,2.985915669E+000,1.374833546E+000,1.666270755E-002
      1037,3.079426718E+000,1.371535484E+000,1.642612927E-002
      1038,3.172516840E+000,1.368759611E+000,1.551190577E-002
      1039,3.264896243E+000,1.365396674E+000,1.426112093E-002
      1040,3.355990053E+000,1.360662724E+000,1.285732165E-002
      1041,3.444479830E+000,1.353231856E+000,1.139238384E-002
      1042,3.526611836E+000,1.342046697E+000,9.984450415E-003
      1043,3.591512032E+000,1.326548514E+000,8.899890818E-003
      1044,2.816901447E+000,2.701903334E+000,7.686067875E-006
      1045,2.915477183E+000,2.702557008E+000,5.460542070E-006
      1046,3.013501107E+000,2.703004730E+000,3.742193030E-006
      1047,3.111221986E+000,2.703349935E+000,2.441393008E-006
      1048,3.208851189E+000,2.703617310E+000,1.513547204E-006
      1049,3.306581934E+000,2.703781997E+000,8.955294106E-007
      1050,3.404595768E+000,2.703794982E+000,5.070518228E-007
      1051,3.503036562E+000,2.703603852E+000,2.746923258E-007
      1052,3.601902775E+000,2.703175106E+000,1.420955726E-007
      1053,2.712889445E+000,1.406629959E+000,5.794379395E-003
      1054,2.652843352E+000,1.438113128E+000,1.690816716E-003
      1055,3.604431414E+000,2.934803666E-001,1.260918975E-001
      1056,3.505892658E+000,2.918999631E-001,1.280951351E-001
      1057,3.407738712E+000,2.905978157E-001,1.277828962E-001
      1058,3.310089156E+000,2.897171318E-001,1.258626431E-001
      1059,3.212896529E+000,2.892484363E-001,1.230795607E-001
      1060,3.116115433E+000,2.891878543E-001,1.200665161E-001
      1061,3.019808866E+000,2.895966374E-001,1.173397228E-001
      1062,2.924272061E+000,2.906455143E-001,1.153648421E-001
      1063,2.830244733E+000,2.926969551E-001,1.146751195E-001
      1064,2.739430261E+000,2.964756249E-001,1.161258370E-001
      1065,2.656067959E+000,3.033353699E-001,1.215779185E-001
      1066,2.590781366E+000,3.151180298E-001,1.299071759E-001
      1067,2.906860720E-001,1.481518436E+000,1.158948609E-023
      1068,2.902501804E-001,1.579427380E+000,3.258952032E-026
      1069,2.900557859E-001,1.676934975E+000,6.939505961E-029
      1070,2.902204317E-001,1.774057460E+000,2.020316611E-029
      1071,2.908091261E-001,1.870800753E+000,3.891925732E-032
      1072,2.919524028E-001,1.967088524E+000,5.218797729E-034
      1073,2.939496934E-001,2.062683198E+000,7.864805523E-036
      1074,2.972306992E-001,2.157027398E+000,4.506981958E-038
      1075,3.028167157E-001,2.248766791E+000,6.652608407E-040
      1076,3.121439121E-001,2.333976082E+000,5.407610774E-042
      1077,3.266608038E-001,2.401759928E+000,1.233142649E-043
      1078,8.034606816E-001,2.731369798E+000,0.000000000E+000
      1079,9.054178831E-001,2.703496421E+000,0.000000000E+000
      1080,1.000013978E+000,2.688011043E+000,0.000000000E+000
      1081,1.094832730E+000,2.679111044E+000,0.000000000E+000
      1082,1.191645529E+000,2.673231702E+000,0.000000000E+000
      1083,1.289962150E+000,2.669751778E+000,0.000000000E+000
      1084,1.388473051E+000,2.667054101E+000,0.000000000E+000
      1085,2.402621809E+000,2.388277897E+000,7.521462635E-007
      1086,1.388926423E+000,2.751269272E+000,0.000000000E+000
      1087,1.290656942E+000,2.753773258E+000,0.000000000E+000
      1088,1.193556598E+000,2.757270472E+000,0.000000000E+000
      1089,1.099222243E+000,2.762375156E+000,0.000000000E+000
      1090,1.009769047E+000,2.770890951E+000,0.000000000E+000
      1091,2.211310989E-001,3.872866679E-001,0.000000000E+000
