nodenumber,    x-coordinate,    y-coordinate,            c2h6
         1,7.100000000E-001,3.000000000E-001,5.000864267E-001
         2,6.850858620E-001,3.238342004E-001,3.484604167E-005
         3,6.856125011E-001,3.056513156E-001,1.692961268E-005
         4,7.000000000E-001,3.000000000E-001,8.643190085E-005
         5,7.100000000E-001,2.800000000E-001,5.050657988E-001
         6,7.236791771E-001,2.305009119E-001,5.225444213E-002
         7,7.903931993E-001,2.408555716E-001,1.703125387E-001
         8,7.687291603E-001,3.020279623E-001,3.782351613E-001
         9,7.000000000E-001,2.800000000E-001,5.065813661E-003
        10,6.764162816E-001,2.362815490E-001,4.567504584E-005
        11,6.671475470E-001,2.913394410E-001,0.000000000E+000
        12,1.780000000E+000,2.494285714E+000,0.000000000E+000
        13,1.681517864E+000,2.494520771E+000,0.000000000E+000
        14,1.680000000E+000,2.410000000E+000,0.000000000E+000
        15,1.780000000E+000,2.578571429E+000,0.000000000E+000
        16,1.682649631E+000,2.578925679E+000,0.000000000E+000
        17,1.780000000E+000,2.662857143E+000,0.000000000E+000
        18,1.683253420E+000,2.663221486E+000,0.000000000E+000
        19,1.780000000E+000,2.747142857E+000,0.000000000E+000
        20,1.683304013E+000,2.747452798E+000,0.000000000E+000
        21,1.780000000E+000,2.831428571E+000,0.000000000E+000
        22,1.682886328E+000,2.831651215E+000,0.000000000E+000
        23,1.780000000E+000,2.915714286E+000,0.000000000E+000
        24,1.682130642E+000,2.915822261E+000,0.000000000E+000
        25,1.681111111E+000,3.000000000E+000,0.000000000E+000
        26,2.753750000E+000,1.080000000E+000,8.179176599E-002
        27,2.757800583E+000,1.184157553E+000,6.296464056E-002
        28,2.650383590E+000,1.183717388E+000,6.055324525E-002
        29,2.660000000E+000,1.080000000E+000,9.153128415E-002
        30,2.753750000E+000,2.410000000E+000,1.329036895E-004
        31,2.741416988E+000,2.505899641E+000,1.142601759E-004
        32,2.644030787E+000,2.504213767E+000,8.063186397E-005
        33,2.660000000E+000,2.410000000E+000,9.178540495E-005
        34,2.080000000E+000,2.896923077E+000,3.577533425E-005
        35,2.183600715E+000,2.896948020E+000,3.479482257E-005
        36,2.181052632E+000,3.000000000E+000,3.767131057E-005
        37,2.080000000E+000,2.793846154E+000,3.318529343E-005
        38,2.186660160E+000,2.793568969E+000,3.016296978E-005
        39,2.080000000E+000,2.690769231E+000,3.159925836E-005
        40,2.190469218E+000,2.689299070E+000,2.788361780E-005
        41,2.080000000E+000,2.587692308E+000,3.073977496E-005
        42,2.194953111E+000,2.583215536E+000,2.703748214E-005
        43,2.080000000E+000,2.484615385E+000,3.023793215E-005
        44,2.198645940E+000,2.474412107E+000,2.651743671E-005
        45,2.080000000E+000,2.381538461E+000,2.980052523E-005
        46,2.191224313E+000,2.369016531E+000,2.605250847E-005
        47,2.080000000E+000,2.278461539E+000,2.932737334E-005
        48,2.185022393E+000,2.267129089E+000,2.562618101E-005
        49,2.080000000E+000,2.175384615E+000,2.881629371E-005
        50,2.181445824E+000,2.166334234E+000,2.514445441E-005
        51,2.080000000E+000,2.072307692E+000,2.826054151E-005
        52,2.179610975E+000,2.065523334E+000,2.444596248E-005
        53,2.080000000E+000,1.969230769E+000,2.764242890E-005
        54,2.178731126E+000,1.964466470E+000,2.328419214E-005
        55,2.080000000E+000,1.866153846E+000,2.700693767E-005
        56,2.178351504E+000,1.863298984E+000,2.185893209E-005
        57,2.080000000E+000,1.763076923E+000,2.042909364E-005
        58,2.178249395E+000,1.762322300E+000,1.662027717E-005
        59,2.080000000E+000,1.660000000E+000,7.079715033E-006
        60,2.178272577E+000,1.662064844E+000,7.122959232E-006
        61,2.078781499E+000,1.563555617E+000,4.906776780E-007
        62,2.178081724E+000,1.563876940E+000,5.607759249E-006
        63,1.980000000E+000,1.660000000E+000,3.752586852E-010
        64,1.979124271E+000,1.563680529E+000,3.165791518E-010
        65,1.880000000E+000,1.660000000E+000,0.000000000E+000
        66,1.879392702E+000,1.563821318E+000,1.365063661E-013
        67,1.780000000E+000,1.660000000E+000,0.000000000E+000
        68,1.779618311E+000,1.563874084E+000,4.737792102E-017
        69,1.680000000E+000,1.660000000E+000,0.000000000E+000
        70,1.679782640E+000,1.563834717E+000,0.000000000E+000
        71,1.580000000E+000,1.660000000E+000,0.000000000E+000
        72,1.579869171E+000,1.563732311E+000,3.813996722E-026
        73,1.480000000E+000,1.660000000E+000,4.519838357E-028
        74,1.479876414E+000,1.563603606E+000,4.963913101E-026
        75,1.380000000E+000,1.660000000E+000,4.799752052E-028
        76,1.379816948E+000,1.563481873E+000,1.337654951E-026
        77,1.280000000E+000,1.660000000E+000,2.814668674E-029
        78,1.279713967E+000,1.563394229E+000,2.000907938E-027
        79,1.180000000E+000,1.660000000E+000,3.301656122E-031
        80,1.179601731E+000,1.563363030E+000,1.096529658E-028
        81,1.080000000E+000,1.660000000E+000,3.431419179E-031
        82,1.079529783E+000,1.563398102E+000,5.209541194E-029
        83,9.800000000E-001,1.660000000E+000,3.216720543E-031
        84,9.795579064E-001,1.563489052E+000,3.265317924E-029
        85,8.800000000E-001,1.660000000E+000,2.877342158E-031
        86,8.797380029E-001,1.563631490E+000,1.837166241E-029
        87,7.800000000E-001,1.660000000E+000,2.048904521E-031
        88,7.801111495E-001,1.563879361E+000,1.098853097E-029
        89,6.800000000E-001,1.660000000E+000,7.053614978E-032
        90,6.807459911E-001,1.564412059E+000,1.399109412E-029
        91,5.800000000E-001,1.660000000E+000,0.000000000E+000
        92,5.818562237E-001,1.565676399E+000,3.064500607E-029
        93,4.834779748E-001,1.664623905E+000,2.384135291E-031
        94,4.842292519E-001,1.568962833E+000,4.802649373E-029
        95,5.800000000E-001,1.753750000E+000,0.000000000E+000
        96,4.833753413E-001,1.759715382E+000,2.708176665E-034
        97,5.800000000E-001,1.847500000E+000,0.000000000E+000
        98,4.835741590E-001,1.854509307E+000,1.634573001E-036
        99,5.800000000E-001,1.941250000E+000,0.000000000E+000
       100,4.839912204E-001,1.949061242E+000,9.908486153E-039
       101,5.800000000E-001,2.035000000E+000,0.000000000E+000
       102,4.846355171E-001,2.043308161E+000,1.777406972E-041
       103,5.800000000E-001,2.128750000E+000,0.000000000E+000
       104,4.855403833E-001,2.137079634E+000,1.036960864E-043
       105,5.800000000E-001,2.222500000E+000,0.000000000E+000
       106,4.866220792E-001,2.230159242E+000,0.000000000E+000
       107,5.800000000E-001,2.316250000E+000,0.000000000E+000
       108,4.872641311E-001,2.322659572E+000,0.000000000E+000
       109,5.800000000E-001,2.410000000E+000,0.000000000E+000
       110,4.854315502E-001,2.416524385E+000,0.000000000E+000
       111,5.788273687E-001,2.521328204E+000,0.000000000E+000
       112,4.758670859E-001,2.520558960E+000,0.000000000E+000
       113,6.800000000E-001,2.410000000E+000,0.000000000E+000
       114,6.817993399E-001,2.519494449E+000,0.000000000E+000
       115,7.800000000E-001,2.410000000E+000,0.000000000E+000
       116,7.841807523E-001,2.515607363E+000,0.000000000E+000
       117,8.800000000E-001,2.410000000E+000,0.000000000E+000
       118,8.853825655E-001,2.510319475E+000,0.000000000E+000
       119,9.800000000E-001,2.410000000E+000,0.000000000E+000
       120,9.853946441E-001,2.505592407E+000,0.000000000E+000
       121,1.080000000E+000,2.410000000E+000,0.000000000E+000
       122,1.084976013E+000,2.502033567E+000,0.000000000E+000
       123,1.180000000E+000,2.410000000E+000,0.000000000E+000
       124,1.184622710E+000,2.499473175E+000,0.000000000E+000
       125,1.280000000E+000,2.410000000E+000,0.000000000E+000
       126,1.284358891E+000,2.497671812E+000,0.000000000E+000
       127,1.380000000E+000,2.410000000E+000,0.000000000E+000
       128,1.383974927E+000,2.496359460E+000,0.000000000E+000
       129,1.480000000E+000,2.410000000E+000,0.000000000E+000
       130,1.483390220E+000,2.495448343E+000,0.000000000E+000
       131,1.580000000E+000,2.410000000E+000,0.000000000E+000
       132,1.582583142E+000,2.494861175E+000,0.000000000E+000
       133,2.847500000E+000,1.080000000E+000,8.185031265E-002
       134,2.857735765E+000,1.181622316E+000,6.421428919E-002
       135,2.941250000E+000,1.080000000E+000,8.187449723E-002
       136,2.954004855E+000,1.179472868E+000,6.562972069E-002
       137,3.035000000E+000,1.080000000E+000,8.193135262E-002
       138,3.048645501E+000,1.177966436E+000,6.677334011E-002
       139,3.128750000E+000,1.080000000E+000,8.206117898E-002
       140,3.142526594E+000,1.176840111E+000,6.773082167E-002
       141,3.222500000E+000,1.080000000E+000,8.232627809E-002
       142,3.235951876E+000,1.175788434E+000,6.865729392E-002
       143,3.316250000E+000,1.080000000E+000,8.240658045E-002
       144,3.328961254E+000,1.174586895E+000,6.910675019E-002
       145,3.410000000E+000,1.080000000E+000,7.085710764E-002
       146,3.421606820E+000,1.173193169E+000,6.551545113E-002
       147,3.510142887E+000,1.078890560E+000,6.009311974E-002
       148,3.514405317E+000,1.172153181E+000,5.934979767E-002
       149,3.410000000E+000,9.800000000E-001,6.131079048E-002
       150,3.508937577E+000,9.817277156E-001,6.225497648E-002
       151,3.410000000E+000,8.800000000E-001,6.488130987E-002
       152,3.508610329E+000,8.829582219E-001,6.879667193E-002
       153,3.410000000E+000,7.800000000E-001,6.686575711E-002
       154,3.508495233E+000,7.835747007E-001,8.157212287E-002
       155,3.410000000E+000,6.800000000E-001,9.452589601E-002
       156,3.508411191E+000,6.840656191E-001,1.106107980E-001
       157,3.410000000E+000,5.800000000E-001,1.387116015E-001
       158,3.508296886E+000,5.848725287E-001,1.437833458E-001
       159,3.410675073E+000,4.843641699E-001,1.648969054E-001
       160,3.508138013E+000,4.870166869E-001,1.620194018E-001
       161,3.316250000E+000,5.800000000E-001,1.543323547E-001
       162,3.314907066E+000,4.833129451E-001,1.662541777E-001
       163,3.222500000E+000,5.800000000E-001,1.519795209E-001
       164,3.219781525E+000,4.828454334E-001,1.669286638E-001
       165,3.128750000E+000,5.800000000E-001,1.497778594E-001
       166,3.124982324E+000,4.826820460E-001,1.672084332E-001
       167,3.035000000E+000,5.800000000E-001,1.475586146E-001
       168,3.030422532E+000,4.827255533E-001,1.672723293E-001
       169,2.941250000E+000,5.800000000E-001,1.450408697E-001
       170,2.936178497E+000,4.828924369E-001,1.672045887E-001
       171,2.847500000E+000,5.800000000E-001,1.418586522E-001
       172,2.842516810E+000,4.829806726E-001,1.670851409E-001
       173,2.753750000E+000,5.800000000E-001,1.373935491E-001
       174,2.749876187E+000,4.823724716E-001,1.670623273E-001
       175,2.660000000E+000,5.800000000E-001,1.203206107E-001
       176,2.658651652E+000,4.792361368E-001,1.666098535E-001
       177,2.565102288E+000,5.646916777E-001,1.086921841E-001
       178,2.568581600E+000,4.689230628E-001,1.638821214E-001
       179,2.660000000E+000,6.800000000E-001,1.045690849E-001
       180,2.563112987E+000,6.629566658E-001,9.437710792E-002
       181,2.660000000E+000,7.800000000E-001,1.027695015E-001
       182,2.561619289E+000,7.619563550E-001,9.237401187E-002
       183,2.660000000E+000,8.800000000E-001,1.023492441E-001
       184,2.559717597E+000,8.610945098E-001,9.197849035E-002
       185,2.660000000E+000,9.800000000E-001,1.018574312E-001
       186,2.556254263E+000,9.602463267E-001,9.177228063E-002
       187,2.549406486E+000,1.059951984E+000,7.439571619E-002
       188,2.535312758E+000,1.162483078E+000,3.895289078E-002
       189,2.649212114E+000,1.310526273E+000,1.509834081E-002
       190,2.515219091E+000,1.271866797E+000,9.793369099E-003
       191,2.770777700E+000,1.291185440E+000,2.849094197E-002
       192,2.847500000E+000,2.410000000E+000,1.636714733E-004
       193,2.837568736E+000,2.506633191E+000,1.390359103E-004
       194,2.941250000E+000,2.410000000E+000,1.634186337E-004
       195,2.933116361E+000,2.507008421E+000,1.306282647E-004
       196,3.035000000E+000,2.410000000E+000,1.676522224E-004
       197,3.028348573E+000,2.507252463E+000,1.235117525E-004
       198,3.128750000E+000,2.410000000E+000,1.726340852E-004
       199,3.123435872E+000,2.507450086E+000,1.283620368E-004
       200,3.222500000E+000,2.410000000E+000,1.776795252E-004
       201,3.218517121E+000,2.507609878E+000,1.318114810E-004
       202,3.316250000E+000,2.410000000E+000,1.896330796E-004
       203,3.313762287E+000,2.507697351E+000,1.375173015E-004
       204,3.410000000E+000,2.410000000E+000,4.646584566E-004
       205,3.409487231E+000,2.507648200E+000,1.479652856E-004
       206,3.507176008E+000,2.410052052E+000,5.533964140E-004
       207,3.506566449E+000,2.507340758E+000,1.892805594E-004
       208,3.410000000E+000,2.316250000E+000,8.134758682E-004
       209,3.507320175E+000,2.314206538E+000,9.265058907E-004
       210,3.410000000E+000,2.222500000E+000,9.513192927E-004
       211,3.507278485E+000,2.218885876E+000,1.150274533E-003
       212,3.410000000E+000,2.128750000E+000,1.028420404E-003
       213,3.507139276E+000,2.123785062E+000,1.274057780E-003
       214,3.410000000E+000,2.035000000E+000,1.086261938E-003
       215,3.506880963E+000,2.028753286E+000,1.306272345E-003
       216,3.410000000E+000,1.941250000E+000,1.130274497E-003
       217,3.506361989E+000,1.933649123E+000,1.602474949E-003
       218,3.410000000E+000,1.847500000E+000,1.108733937E-003
       219,3.505250696E+000,1.838261062E+000,2.026157919E-003
       220,3.410000000E+000,1.753750000E+000,1.950057689E-003
       221,3.502807811E+000,1.742206673E+000,2.859096974E-003
       222,3.410000000E+000,1.660000000E+000,2.475310117E-003
       223,3.497172721E+000,1.644658680E+000,4.050239455E-003
       224,3.391231317E+000,1.554382819E+000,5.276900250E-003
       225,3.483066692E+000,1.543610905E+000,7.536245044E-003
       226,3.316250000E+000,1.660000000E+000,1.817964017E-003
       227,3.298514324E+000,1.559143877E+000,3.954693675E-003
       228,3.222500000E+000,1.660000000E+000,1.349523780E-003
       229,3.205459638E+000,1.561610966E+000,3.188394243E-003
       230,3.128750000E+000,1.660000000E+000,1.093971310E-003
       231,3.112224431E+000,1.563166712E+000,2.683809726E-003
       232,3.035000000E+000,1.660000000E+000,9.112080443E-004
       233,3.018985328E+000,1.564579755E+000,2.266043564E-003
       234,2.941250000E+000,1.660000000E+000,7.400635513E-004
       235,2.926036077E+000,1.566416397E+000,1.831280650E-003
       236,2.847500000E+000,1.660000000E+000,5.532261566E-004
       237,2.833951303E+000,1.569151312E+000,1.315524802E-003
       238,2.753750000E+000,1.660000000E+000,3.553387651E-004
       239,2.743707453E+000,1.572880904E+000,7.257068646E-004
       240,2.660000000E+000,1.660000000E+000,1.833124988E-004
       241,2.656013274E+000,1.576074220E+000,3.269609297E-004
       242,2.566022305E+000,1.663225593E+000,1.101943053E-004
       243,2.567227055E+000,1.573541921E+000,1.906044927E-004
       244,2.660000000E+000,1.753750000E+000,1.043769880E-004
       245,2.565338889E+000,1.756556447E+000,8.345786773E-005
       246,2.660000000E+000,1.847500000E+000,9.606600361E-005
       247,2.565050864E+000,1.851064172E+000,7.474825543E-005
       248,2.660000000E+000,1.941250000E+000,9.199742635E-005
       249,2.565028508E+000,1.945862405E+000,7.062533405E-005
       250,2.660000000E+000,2.035000000E+000,8.969670307E-005
       251,2.565221082E+000,2.040450422E+000,6.833039515E-005
       252,2.660000000E+000,2.128750000E+000,8.825002442E-005
       253,2.565575482E+000,2.134347371E+000,6.683995889E-005
       254,2.660000000E+000,2.222500000E+000,8.685443754E-005
       255,2.565819268E+000,2.226984270E+000,6.536419824E-005
       256,2.660000000E+000,2.316250000E+000,8.418003563E-005
       257,2.564929062E+000,2.317891050E+000,6.275557826E-005
       258,2.559972687E+000,2.407542664E+000,5.804113607E-005
       259,2.544083267E+000,2.499351099E+000,5.236068682E-005
       260,2.629684454E+000,2.600569854E+000,7.068135164E-005
       261,2.527993174E+000,2.596372273E+000,4.717405682E-005
       262,2.729184668E+000,2.602725313E+000,9.029398643E-005
       263,1.582222222E+000,3.000000000E+000,0.000000000E+000
       264,1.584149939E+000,2.916087151E+000,0.000000000E+000
       265,1.483333333E+000,3.000000000E+000,0.000000000E+000
       266,1.485813779E+000,2.916656593E+000,0.000000000E+000
       267,1.384444444E+000,3.000000000E+000,0.000000000E+000
       268,1.387168402E+000,2.917518048E+000,0.000000000E+000
       269,1.285555556E+000,3.000000000E+000,0.000000000E+000
       270,1.288638965E+000,2.918595919E+000,0.000000000E+000
       271,1.186666667E+000,3.000000000E+000,0.000000000E+000
       272,1.191087119E+000,2.919773674E+000,0.000000000E+000
       273,1.087777778E+000,3.000000000E+000,0.000000000E+000
       274,1.096123087E+000,2.920619102E+000,0.000000000E+000
       275,9.888888889E-001,3.000000000E+000,0.000000000E+000
       276,1.005883487E+000,2.919245669E+000,0.000000000E+000
       277,8.900000000E-001,3.000000000E+000,0.000000000E+000
       278,9.202228872E-001,2.908064124E+000,0.000000000E+000
       279,7.911111111E-001,3.000000000E+000,0.000000000E+000
       280,8.270996967E-001,2.857229693E+000,0.000000000E+000
       281,6.922222222E-001,3.000000000E+000,0.000000000E+000
       282,7.005743464E-001,2.870092388E+000,0.000000000E+000
       283,5.933333333E-001,3.000000000E+000,0.000000000E+000
       284,5.898368955E-001,2.876298388E+000,0.000000000E+000
       285,4.944444444E-001,3.000000000E+000,0.000000000E+000
       286,4.827153235E-001,2.881152954E+000,0.000000000E+000
       287,3.955555556E-001,3.000000000E+000,0.000000000E+000
       288,3.766784646E-001,2.888827348E+000,0.000000000E+000
       289,2.966666667E-001,3.000000000E+000,0.000000000E+000
       290,2.834950926E-001,2.908079059E+000,0.000000000E+000
       291,1.977777778E-001,3.000000000E+000,0.000000000E+000
       292,1.936507975E-001,2.907687920E+000,0.000000000E+000
       293,9.888888889E-002,3.000000000E+000,0.000000000E+000
       294,9.839923630E-002,2.903804398E+000,0.000000000E+000
       295,0.000000000E+000,2.900000000E+000,0.000000000E+000
       296,6.800000000E-001,1.080000000E+000,1.540958519E-021
       297,6.809495488E-001,1.177523665E+000,1.234942082E-021
       298,5.824739765E-001,1.178167125E+000,1.221427898E-021
       299,5.800000000E-001,1.080000000E+000,7.705344926E-022
       300,1.000000000E-001,0.000000000E+000,3.691889829E-019
       301,1.020461735E-001,9.799602415E-002,1.510929399E-022
       302,0.000000000E+000,1.000000000E-001,0.000000000E+000
       303,2.000000000E-001,0.000000000E+000,2.493895813E-016
       304,2.045063614E-001,9.578577070E-002,6.112856972E-020
       305,3.000000000E-001,0.000000000E+000,6.246308415E-016
       306,3.073687170E-001,9.341279887E-002,1.060670538E-016
       307,4.000000000E-001,0.000000000E+000,3.756104077E-016
       308,4.107373747E-001,9.168970928E-002,3.889840246E-014
       309,5.000000000E-001,0.000000000E+000,3.255190006E-010
       310,5.181662852E-001,9.389206832E-002,1.730233040E-010
       311,6.000000000E-001,0.000000000E+000,6.235185538E-006
       312,6.187048753E-001,8.742172330E-002,1.323461873E-007
       313,7.000000000E-001,0.000000000E+000,2.033386954E-005
       314,7.101412574E-001,8.349307336E-002,1.020002877E-003
       315,8.000000000E-001,0.000000000E+000,8.944079163E-004
       316,8.007852047E-001,8.480154097E-002,7.597068325E-003
       317,9.000000000E-001,0.000000000E+000,2.990611829E-003
       318,8.947023068E-001,8.966310871E-002,1.808079891E-002
       319,1.000000000E+000,0.000000000E+000,5.127418786E-003
       320,9.927946641E-001,9.346341984E-002,2.544625103E-002
       321,1.100000000E+000,0.000000000E+000,6.514166016E-003
       322,1.092731278E+000,9.581156373E-002,2.942913957E-002
       323,1.200000000E+000,0.000000000E+000,7.179715671E-003
       324,1.193321047E+000,9.697427373E-002,3.124720603E-002
       325,1.300000000E+000,0.000000000E+000,7.377905771E-003
       326,1.294018303E+000,9.744372817E-002,3.180653602E-002
       327,1.400000000E+000,0.000000000E+000,7.396325935E-003
       328,1.394614629E+000,9.759949179E-002,3.183151037E-002
       329,1.500000000E+000,0.000000000E+000,7.407393772E-003
       330,1.495068137E+000,9.765941128E-002,3.174635395E-002
       331,1.600000000E+000,0.000000000E+000,7.417717949E-003
       332,1.595386099E+000,9.772116305E-002,3.161602840E-002
       333,1.700000000E+000,0.000000000E+000,7.427822798E-003
       334,1.695591436E+000,9.784171659E-002,3.145978972E-002
       335,1.800000000E+000,0.000000000E+000,7.437667809E-003
       336,1.795711494E+000,9.808661527E-002,3.129600361E-002
       337,1.900000000E+000,0.000000000E+000,7.447103504E-003
       338,1.895774717E+000,9.856250894E-002,3.114529699E-002
       339,2.000000000E+000,0.000000000E+000,7.455904502E-003
       340,1.995832442E+000,9.943788191E-002,3.102710843E-002
       341,2.100000000E+000,0.000000000E+000,7.464806549E-003
       342,2.096019652E+000,1.009421747E-001,3.112053685E-002
       343,2.200000000E+000,0.000000000E+000,7.520584390E-003
       344,2.196644079E+000,1.033271463E-001,3.171591461E-002
       345,2.300000000E+000,0.000000000E+000,7.662037387E-003
       346,2.298313050E+000,1.067826515E-001,3.301052377E-002
       347,2.400000000E+000,0.000000000E+000,7.771754172E-003
       348,2.402010330E+000,1.112058946E-001,3.509338945E-002
       349,2.500000000E+000,0.000000000E+000,7.740650792E-003
       350,2.508600902E+000,1.150477881E-001,3.580294922E-002
       351,2.600000000E+000,0.000000000E+000,7.704436779E-003
       352,2.611935691E+000,1.081580767E-001,3.505478799E-002
       353,2.700000000E+000,0.000000000E+000,7.741172332E-003
       354,2.711603999E+000,1.024040128E-001,3.416892886E-002
       355,2.800000000E+000,0.000000000E+000,7.779197767E-003
       356,2.810018588E+000,9.907023158E-002,3.285794333E-002
       357,2.900000000E+000,0.000000000E+000,7.805396803E-003
       358,2.908317563E+000,9.734130706E-002,3.184053302E-002
       359,3.000000000E+000,0.000000000E+000,7.824474946E-003
       360,3.006808593E+000,9.651525301E-002,3.106075153E-002
       361,3.100000000E+000,0.000000000E+000,7.840259932E-003
       362,3.105515835E+000,9.618791281E-002,3.036755882E-002
       363,3.200000000E+000,0.000000000E+000,7.854486816E-003
       364,3.204414594E+000,9.615446480E-002,2.963346429E-002
       365,3.300000000E+000,0.000000000E+000,7.867800072E-003
       366,3.303489486E+000,9.632009670E-002,2.875809371E-002
       367,3.400000000E+000,0.000000000E+000,7.880371995E-003
       368,3.402730168E+000,9.664606789E-002,2.766879648E-002
       369,3.500000000E+000,0.000000000E+000,7.892175578E-003
       370,3.502116257E+000,9.711039250E-002,2.634238638E-002
       371,3.600000000E+000,0.000000000E+000,7.903158665E-003
       372,3.601609344E+000,9.767585945E-002,2.484676242E-002
       373,3.700000000E+000,0.000000000E+000,7.915219292E-003
       374,3.701168960E+000,9.828841402E-002,2.339713648E-002
       375,3.800000000E+000,0.000000000E+000,7.920986973E-003
       376,3.800767209E+000,9.889227800E-002,2.252990566E-002
       377,3.900000000E+000,0.000000000E+000,1.072050352E-002
       378,3.900381304E+000,9.946409960E-002,2.434796840E-002
       379,4.000000000E+000,1.000000000E-001,2.634548210E-002
       380,7.800000000E-001,1.080000000E+000,1.539866584E-021
       381,7.801757159E-001,1.177155866E+000,1.233986967E-021
       382,8.800000000E-001,1.080000000E+000,1.537870627E-021
       383,8.797830562E-001,1.176937909E+000,1.230804968E-021
       384,9.800000000E-001,1.080000000E+000,1.535803686E-021
       385,9.796205748E-001,1.176810907E+000,1.228276372E-021
       386,1.080000000E+000,1.080000000E+000,1.533659499E-021
       387,1.079603603E+000,1.176754178E+000,1.226002130E-021
       388,1.180000000E+000,1.080000000E+000,1.531435643E-021
       389,1.179668475E+000,1.176763145E+000,1.224426024E-021
       390,1.280000000E+000,1.080000000E+000,1.529127979E-021
       391,1.279760866E+000,1.176831926E+000,1.223542096E-021
       392,1.380000000E+000,1.080000000E+000,1.526790325E-021
       393,1.379835142E+000,1.176944148E+000,1.223056915E-021
       394,1.480000000E+000,1.080000000E+000,1.523300253E-021
       395,1.479857236E+000,1.177071754E+000,1.223001278E-021
       396,1.580000000E+000,1.080000000E+000,7.604860455E-022
       397,1.579806999E+000,1.177180650E+000,1.223902876E-021
       398,1.680000000E+000,1.080000000E+000,0.000000000E+000
       399,1.679679214E+000,1.177242211E+000,1.426399244E-018
       400,1.780000000E+000,1.080000000E+000,0.000000000E+000
       401,1.779468086E+000,1.177235680E+000,6.480297137E-015
       402,1.880000000E+000,1.080000000E+000,0.000000000E+000
       403,1.879110761E+000,1.177141273E+000,1.579091302E-010
       404,1.980000000E+000,1.080000000E+000,1.794775926E-005
       405,1.978316249E+000,1.176929657E+000,4.763792560E-007
       406,2.080000000E+000,1.080000000E+000,3.799523413E-002
       407,2.076040960E+000,1.176581330E+000,1.562804217E-003
       408,2.169571093E+000,1.084039942E+000,4.071262106E-002
       409,2.168723032E+000,1.176317008E+000,4.593886901E-003
       410,2.080000000E+000,9.800000000E-001,7.747539878E-002
       411,2.171510233E+000,9.892217059E-001,7.730726898E-002
       412,2.080000000E+000,8.800000000E-001,7.874534279E-002
       413,2.173221351E+000,8.922254732E-001,7.866057754E-002
       414,2.080000000E+000,7.800000000E-001,7.835895568E-002
       415,2.174502681E+000,7.939791930E-001,7.781064510E-002
       416,2.080000000E+000,6.800000000E-001,7.767602056E-002
       417,2.175641120E+000,6.953145937E-001,7.747500390E-002
       418,2.080000000E+000,5.800000000E-001,7.077561319E-002
       419,2.177088350E+000,5.971189348E-001,7.172374427E-002
       420,2.081399967E+000,4.913026912E-001,9.172026068E-002
       421,2.179556702E+000,5.018902990E-001,9.148544073E-002
       422,1.980000000E+000,5.800000000E-001,6.397802383E-002
       423,1.981989922E+000,4.873575204E-001,9.182370454E-002
       424,1.880000000E+000,5.800000000E-001,6.191791967E-002
       425,1.882180889E+000,4.856525132E-001,9.063933045E-002
       426,1.780000000E+000,5.800000000E-001,5.795481801E-002
       427,1.782193467E+000,4.848722964E-001,8.773579448E-002
       428,1.680000000E+000,5.800000000E-001,5.271045119E-002
       429,1.682082700E+000,4.845137248E-001,8.374858648E-002
       430,1.580000000E+000,5.800000000E-001,4.650075734E-002
       431,1.581846441E+000,4.843642951E-001,7.906673849E-002
       432,1.480000000E+000,5.800000000E-001,3.970663995E-002
       433,1.481469377E+000,4.843261528E-001,7.406651229E-002
       434,1.380000000E+000,5.800000000E-001,3.310760856E-002
       435,1.380934112E+000,4.843587103E-001,6.933502108E-002
       436,1.280000000E+000,5.800000000E-001,2.820959873E-002
       437,1.280136211E+000,4.843587931E-001,6.593543291E-002
       438,1.180000000E+000,5.800000000E-001,2.638565935E-002
       439,1.178936081E+000,4.840061105E-001,6.471493840E-002
       440,1.080000000E+000,5.800000000E-001,2.631380782E-002
       441,1.077085552E+000,4.829519927E-001,6.480645388E-002
       442,9.800000000E-001,5.800000000E-001,2.620051242E-002
       443,9.740319153E-001,4.812218693E-001,6.435703486E-002
       444,8.800000000E-001,5.800000000E-001,2.631670050E-002
       445,8.696279090E-001,4.808975162E-001,6.585360318E-002
       446,7.800000000E-001,5.800000000E-001,1.325904764E-002
       447,7.745482960E-001,4.937057016E-001,2.915697359E-002
       448,6.800000000E-001,5.800000000E-001,1.341030656E-005
       449,6.864445019E-001,5.026828209E-001,9.690558727E-006
       450,5.800000000E-001,5.800000000E-001,1.341032839E-005
       451,5.996911320E-001,5.046234203E-001,8.506831906E-010
       452,4.987689913E-001,5.878139860E-001,7.204350450E-010
       453,5.153813151E-001,5.030273991E-001,9.268050216E-010
       454,5.800000000E-001,6.800000000E-001,2.206457760E-011
       455,4.915778557E-001,6.833838001E-001,2.286103707E-013
       456,5.800000000E-001,7.800000000E-001,0.000000000E+000
       457,4.880958533E-001,7.819233254E-001,2.348555018E-016
       458,5.800000000E-001,8.800000000E-001,0.000000000E+000
       459,4.863611083E-001,8.814548407E-001,4.060683652E-019
       460,5.800000000E-001,9.800000000E-001,0.000000000E+000
       461,4.855131578E-001,9.812228871E-001,1.265812277E-020
       462,4.852427443E-001,1.080787694E+000,3.744725393E-021
       463,4.857441751E-001,1.179562675E+000,1.562092822E-021
       464,5.832097558E-001,1.275959045E+000,5.098772800E-022
       465,4.858559497E-001,1.277801636E+000,4.207150960E-022
       466,6.814300629E-001,1.274843640E+000,5.300883255E-022
       467,0.000000000E+000,2.800000000E+000,0.000000000E+000
       468,1.009131813E-001,2.807549919E+000,0.000000000E+000
       469,0.000000000E+000,2.700000000E+000,0.000000000E+000
       470,1.094749424E-001,2.707911376E+000,0.000000000E+000
       471,0.000000000E+000,2.600000000E+000,0.000000000E+000
       472,1.162692808E-001,2.601707333E+000,0.000000000E+000
       473,0.000000000E+000,2.500000000E+000,0.000000000E+000
       474,1.201226554E-001,2.491497110E+000,0.000000000E+000
       475,0.000000000E+000,2.400000000E+000,0.000000000E+000
       476,1.124167223E-001,2.385656139E+000,0.000000000E+000
       477,0.000000000E+000,2.300000000E+000,0.000000000E+000
       478,1.057292298E-001,2.284660898E+000,0.000000000E+000
       479,0.000000000E+000,2.200000000E+000,0.000000000E+000
       480,1.015842242E-001,2.185652933E+000,5.605193857E-045
       481,0.000000000E+000,2.100000000E+000,0.000000000E+000
       482,9.919751181E-002,2.087139562E+000,4.189882408E-043
       483,0.000000000E+000,2.000000000E+000,0.000000000E+000
       484,9.783603061E-002,1.988589999E+000,1.455402598E-040
       485,0.000000000E+000,1.900000000E+000,0.000000000E+000
       486,9.706964278E-002,1.889871827E+000,5.331085865E-040
       487,0.000000000E+000,1.800000000E+000,0.000000000E+000
       488,9.668040221E-002,1.790976510E+000,2.317608427E-037
       489,0.000000000E+000,1.700000000E+000,0.000000000E+000
       490,9.656326062E-002,1.691919957E+000,6.015468936E-035
       491,0.000000000E+000,1.600000000E+000,0.000000000E+000
       492,9.665270311E-002,1.592716398E+000,5.911942208E-034
       493,0.000000000E+000,1.500000000E+000,0.000000000E+000
       494,9.688127348E-002,1.493374204E+000,5.518805506E-032
       495,0.000000000E+000,1.400000000E+000,0.000000000E+000
       496,9.717598480E-002,1.393893745E+000,1.732723248E-030
       497,0.000000000E+000,1.300000000E+000,0.000000000E+000
       498,9.747922021E-002,1.294262137E+000,2.439902869E-029
       499,0.000000000E+000,1.200000000E+000,0.000000000E+000
       500,9.777452722E-002,1.194466759E+000,2.608954981E-028
       501,0.000000000E+000,1.100000000E+000,0.000000000E+000
       502,9.809715998E-002,1.094512691E+000,2.767592145E-027
       503,0.000000000E+000,1.000000000E+000,0.000000000E+000
       504,9.853258618E-002,9.944385187E-001,3.663380373E-026
       505,0.000000000E+000,9.000000000E-001,0.000000000E+000
       506,9.919411315E-002,8.943323324E-001,2.267432761E-024
       507,0.000000000E+000,8.000000000E-001,0.000000000E+000
       508,1.002123956E-001,7.942997410E-001,2.773054144E-024
       509,0.000000000E+000,7.000000000E-001,0.000000000E+000
       510,1.017318555E-001,6.943946452E-001,3.004397079E-022
       511,0.000000000E+000,6.000000000E-001,0.000000000E+000
       512,1.038440538E-001,5.945326182E-001,3.076495179E-022
       513,0.000000000E+000,5.000000000E-001,0.000000000E+000
       514,1.063183367E-001,4.943610309E-001,0.000000000E+000
       515,0.000000000E+000,4.000000000E-001,0.000000000E+000
       516,1.081195811E-001,3.940394957E-001,0.000000000E+000
       517,0.000000000E+000,3.000000000E-001,0.000000000E+000
       518,1.067691814E-001,2.945171871E-001,0.000000000E+000
       519,0.000000000E+000,2.000000000E-001,0.000000000E+000
       520,1.045316648E-001,1.960092639E-001,2.943538634E-026
       521,4.000000000E+000,2.000000000E-001,5.443935841E-002
       522,3.900739414E+000,1.989543895E-001,5.384719744E-002
       523,4.000000000E+000,3.000000000E-001,8.260536194E-002
       524,3.901048194E+000,2.985072963E-001,8.355718106E-002
       525,4.000000000E+000,4.000000000E-001,1.070280895E-001
       526,3.901298363E+000,3.981382180E-001,1.103722006E-001
       527,4.000000000E+000,5.000000000E-001,1.251616180E-001
       528,3.901489839E+000,4.978410418E-001,1.301623583E-001
       529,4.000000000E+000,6.000000000E-001,1.346092075E-001
       530,3.901627910E+000,5.976044039E-001,1.390994489E-001
       531,4.000000000E+000,7.000000000E-001,1.385689527E-001
       532,3.901716830E+000,6.974121998E-001,1.415290087E-001
       533,4.000000000E+000,8.000000000E-001,1.399433315E-001
       534,3.901740934E+000,7.972375074E-001,1.413234472E-001
       535,4.000000000E+000,9.000000000E-001,1.400379837E-001
       536,3.901637601E+000,8.970412097E-001,1.401282102E-001
       537,4.000000000E+000,1.000000000E+000,1.392823905E-001
       538,3.901270458E+000,9.967856720E-001,1.382022500E-001
       539,4.000000000E+000,1.100000000E+000,1.378937811E-001
       540,3.900414292E+000,1.096504797E+000,1.358924508E-001
       541,4.000000000E+000,1.200000000E+000,1.360801756E-001
       542,3.898797724E+000,1.196438946E+000,1.335774958E-001
       543,4.000000000E+000,1.300000000E+000,1.262984127E-001
       544,3.896369226E+000,1.297161879E+000,1.172435284E-001
       545,4.000000000E+000,1.400000000E+000,1.011588126E-001
       546,3.894090856E+000,1.399362090E+000,8.382095397E-002
       547,4.000000000E+000,1.500000000E+000,7.072494179E-002
       548,3.894738761E+000,1.502452019E+000,5.387302861E-002
       549,4.000000000E+000,1.600000000E+000,4.846848920E-002
       550,3.896363137E+000,1.604627475E+000,3.584652394E-002
       551,4.000000000E+000,1.700000000E+000,3.554127738E-002
       552,3.897882868E+000,1.705662346E+000,2.612824738E-002
       553,4.000000000E+000,1.800000000E+000,2.781076729E-002
       554,3.898993498E+000,1.805846705E+000,2.050731145E-002
       555,4.000000000E+000,1.900000000E+000,2.272225916E-002
       556,3.899722293E+000,1.905511657E+000,1.687781885E-002
       557,4.000000000E+000,2.000000000E+000,1.906426810E-002
       558,3.900186426E+000,2.004909167E+000,1.429895870E-002
       559,4.000000000E+000,2.100000000E+000,1.626038924E-002
       560,3.900497151E+000,2.104204578E+000,1.234195102E-002
       561,4.000000000E+000,2.200000000E+000,1.401705202E-002
       562,3.900720454E+000,2.203494733E+000,1.080564875E-002
       563,4.000000000E+000,2.300000000E+000,1.216820348E-002
       564,3.900866826E+000,2.302829028E+000,9.535914287E-003
       565,4.000000000E+000,2.400000000E+000,1.063311845E-002
       566,3.900910070E+000,2.402230000E+000,8.518345654E-003
       567,4.000000000E+000,2.500000000E+000,9.257866070E-003
       568,3.900820461E+000,2.501706510E+000,7.485585753E-003
       569,4.000000000E+000,2.600000000E+000,6.511296611E-003
       570,3.900592259E+000,2.601256740E+000,4.573449492E-003
       571,4.000000000E+000,2.700000000E+000,2.256785519E-003
       572,3.900250788E+000,2.700873680E+000,1.165902824E-003
       573,4.000000000E+000,2.800000000E+000,6.601051427E-005
       574,3.899838114E+000,2.800547833E+000,6.654156459E-005
       575,4.000000000E+000,2.900000000E+000,6.055854465E-005
       576,3.899393746E+000,2.900261921E+000,6.107428635E-005
       577,3.898947368E+000,3.000000000E+000,5.832875468E-005
       578,3.797894737E+000,3.000000000E+000,5.859592420E-005
       579,3.798820739E+000,2.900514811E+000,6.199195923E-005
       580,3.696842105E+000,3.000000000E+000,5.882705955E-005
       581,3.698320426E+000,2.900743324E+000,6.274854240E-005
       582,3.595789474E+000,3.000000000E+000,5.903507190E-005
       583,3.597923361E+000,2.900916428E+000,6.340534310E-005
       584,3.494736842E+000,3.000000000E+000,5.922645141E-005
       585,3.497658092E+000,2.901008442E+000,6.398696860E-005
       586,3.393684211E+000,3.000000000E+000,5.940565461E-005
       587,3.397536377E+000,2.901011398E+000,6.449703505E-005
       588,3.292631579E+000,3.000000000E+000,5.957628673E-005
       589,3.297543521E+000,2.900938081E+000,6.492945249E-005
       590,3.191578947E+000,3.000000000E+000,5.974156738E-005
       591,3.197632874E+000,2.900813224E+000,6.527002552E-005
       592,3.090526316E+000,3.000000000E+000,5.987791155E-005
       593,3.097730364E+000,2.900660915E+000,6.549638783E-005
       594,2.989473684E+000,3.000000000E+000,5.982693619E-005
       595,2.997741054E+000,2.900491935E+000,6.542055780E-005
       596,2.888421053E+000,3.000000000E+000,5.937130845E-005
       597,2.897558575E+000,2.900298316E+000,6.472153473E-005
       598,2.787368421E+000,3.000000000E+000,5.828563735E-005
       599,2.797076569E+000,2.900053972E+000,6.296453648E-005
       600,2.686315790E+000,3.000000000E+000,5.617228453E-005
       601,2.696196336E+000,2.899710085E+000,5.954280277E-005
       602,2.585263158E+000,3.000000000E+000,5.190517550E-005
       603,2.594830796E+000,2.899205720E+000,5.348543709E-005
       604,2.484210526E+000,3.000000000E+000,4.395681390E-005
       605,2.492906359E+000,2.898517789E+000,4.204895595E-005
       606,2.383157895E+000,3.000000000E+000,3.868422937E-005
       607,2.390367653E+000,2.897744460E+000,3.324912541E-005
       608,2.282105263E+000,3.000000000E+000,3.823552106E-005
       609,2.287208694E+000,2.897152307E+000,3.294502676E-005
       610,7.191427586E-001,1.624416792E-001,1.559944917E-002
       611,7.988789000E-001,1.665938483E-001,5.135654286E-002
       612,6.427068354E-001,1.699378874E-001,4.558244200E-006
       613,6.447009861E-001,3.222940569E-001,0.000000000E+000
       614,5.870187157E-001,3.031055648E-001,0.000000000E+000
       615,6.254321030E-001,2.587463757E-001,0.000000000E+000
       616,1.584609909E+000,2.579529390E+000,0.000000000E+000
       617,1.585708867E+000,2.663959259E+000,0.000000000E+000
       618,1.585840826E+000,2.748183819E+000,0.000000000E+000
       619,1.585215277E+000,2.832237873E+000,0.000000000E+000
       620,2.293276223E+000,2.793804855E+000,2.464259705E-005
       621,2.301200732E+000,2.688889860E+000,2.152711022E-005
       622,2.312606449E+000,2.579703634E+000,2.123997729E-005
       623,2.333044769E+000,2.456295574E+000,1.991822501E-005
       624,2.299903479E+000,2.350841046E+000,1.914153836E-005
       625,2.286919784E+000,2.253524866E+000,1.905074350E-005
       626,2.280939057E+000,2.156450527E+000,1.887220787E-005
       627,2.278072608E+000,2.058376561E+000,1.850317130E-005
       628,2.276730497E+000,1.959487300E+000,1.759134466E-005
       629,2.276204746E+000,1.860236216E+000,1.638119102E-005
       630,2.276207399E+000,1.761078077E+000,1.442194844E-005
       631,2.276641067E+000,1.662379142E+000,1.372090810E-005
       632,2.277416660E+000,1.564216914E+000,3.071759784E-005
       633,2.177793176E+000,1.465882954E+000,2.543880328E-005
       634,2.278286401E+000,1.465396541E+000,1.157722218E-004
       635,2.078071087E+000,1.466521059E+000,2.953384865E-006
       636,1.978522602E+000,1.467049067E+000,1.711744524E-009
       637,1.878963763E+000,1.467373293E+000,6.831725398E-013
       638,1.779332531E+000,1.467497072E+000,2.084540010E-016
       639,1.679596423E+000,1.467460919E+000,3.462040700E-020
       640,1.579737781E+000,1.467319657E+000,1.325068595E-024
       641,1.479757030E+000,1.467130440E+000,1.960803316E-024
       642,1.379673723E+000,1.466945721E+000,8.771459776E-025
       643,1.279525477E+000,1.466810718E+000,3.048961450E-025
       644,1.179369580E+000,1.466760168E+000,1.073727453E-025
       645,1.079284659E+000,1.466806652E+000,8.366709913E-026
       646,9.793593055E-001,1.466940770E+000,7.104306900E-026
       647,8.796721180E-001,1.467168432E+000,5.880590735E-026
       648,7.802894107E-001,1.467567962E+000,4.671009971E-026
       649,6.812930187E-001,1.468343096E+000,3.464417943E-026
       650,5.828206010E-001,1.469858717E+000,2.263377368E-026
       651,4.850517478E-001,1.472608820E+000,1.124526459E-026
       652,3.871076344E-001,1.573698157E+000,3.865289940E-029
       653,3.877023050E-001,1.476504448E+000,3.018557380E-027
       654,3.867339109E-001,1.670331819E+000,1.141190487E-031
       655,3.867813175E-001,1.766487181E+000,1.793698309E-034
       656,3.872117086E-001,1.862255299E+000,1.789015912E-036
       657,3.880438451E-001,1.957615550E+000,5.892495075E-039
       658,3.893979815E-001,2.052388081E+000,2.249504425E-041
       659,3.914510145E-001,2.146156775E+000,1.807675019E-043
       660,3.943229907E-001,2.238166159E+000,0.000000000E+000
       661,3.973585774E-001,2.327318207E+000,0.000000000E+000
       662,3.968132529E-001,2.413533234E+000,0.000000000E+000
       663,3.706544602E-001,2.509636905E+000,0.000000000E+000
       664,4.686667673E-001,2.635874628E+000,0.000000000E+000
       665,3.535431085E-001,2.629037041E+000,0.000000000E+000
       666,5.783975483E-001,2.635499636E+000,0.000000000E+000
       667,6.855877580E-001,2.630807425E+000,0.000000000E+000
       668,7.910979581E-001,2.621772584E+000,0.000000000E+000
       669,8.931339061E-001,2.608818189E+000,0.000000000E+000
       670,9.919002432E-001,2.598808355E+000,0.000000000E+000
       671,1.090004259E+000,2.592021786E+000,0.000000000E+000
       672,1.188644985E+000,2.587388833E+000,0.000000000E+000
       673,1.287799338E+000,2.584315412E+000,0.000000000E+000
       674,1.386911006E+000,2.582076137E+000,0.000000000E+000
       675,1.485819850E+000,2.580535891E+000,0.000000000E+000
       676,3.801482584E+000,1.978328426E-001,5.438740179E-002
       677,3.802105668E+000,2.968912753E-001,8.722690493E-002
       678,3.802610155E+000,3.961017196E-001,1.183113232E-001
       679,3.802986695E+000,4.954499266E-001,1.401446909E-001
       680,3.803243863E+000,5.949267175E-001,1.465033591E-001
       681,3.803399840E+000,6.945115321E-001,1.448123604E-001
       682,3.803436392E+000,7.941282917E-001,1.408650577E-001
       683,3.803254844E+000,8.936571287E-001,1.370623261E-001
       684,3.802620962E+000,9.929649529E-001,1.321486980E-001
       685,3.801078848E+000,1.092018604E+000,1.281116754E-001
       686,3.797847846E+000,1.191180362E+000,1.253603697E-001
       687,3.791965011E+000,1.291811764E+000,9.547970444E-002
       688,3.784291824E+000,1.396878392E+000,4.985113069E-002
       689,3.787960858E+000,1.505406915E+000,2.763430402E-002
       690,3.792637327E+000,1.610286879E+000,1.767791435E-002
       691,3.796202836E+000,1.712256087E+000,1.294972375E-002
       692,3.798541343E+000,1.812436759E+000,1.036379114E-002
       693,3.799974647E+000,1.911617660E+000,8.740684949E-003
       694,3.800841293E+000,2.010298798E+000,7.619170938E-003
       695,3.801388766E+000,2.108785704E+000,6.764634978E-003
       696,3.801750216E+000,2.207258208E+000,6.195090245E-003
       697,3.801956267E+000,2.305820474E+000,5.656194873E-003
       698,3.801973454E+000,2.404535978E+000,4.528239835E-003
       699,3.801754370E+000,2.503438673E+000,3.485250752E-003
       700,3.801283078E+000,2.602518336E+000,1.651957980E-003
       701,3.800593673E+000,2.701744393E+000,7.435127918E-005
       702,3.799752180E+000,2.801091040E+000,6.803870929E-005
       703,1.487249520E+000,2.833232024E+000,0.000000000E+000
       704,1.388748237E+000,2.834722216E+000,0.000000000E+000
       705,1.290476605E+000,2.836682762E+000,0.000000000E+000
       706,1.193718485E+000,2.839126398E+000,0.000000000E+000
       707,1.101157297E+000,2.841964027E+000,0.000000000E+000
       708,1.018002711E+000,2.844996360E+000,0.000000000E+000
       709,9.546731813E-001,2.846743915E+000,0.000000000E+000
       710,9.241944799E-001,2.789255909E+000,0.000000000E+000
       711,5.819225360E-001,2.754391734E+000,0.000000000E+000
       712,6.927635021E-001,2.746476823E+000,0.000000000E+000
       713,4.678895737E-001,2.759457529E+000,0.000000000E+000
       714,3.386115395E-001,2.766539384E+000,0.000000000E+000
       715,2.686214192E-001,2.834822362E+000,0.000000000E+000
       716,1.949541616E-001,2.818804831E+000,0.000000000E+000
       717,2.199992033E-001,2.724040064E+000,0.000000000E+000
       718,2.363383958E-001,2.607929728E+000,0.000000000E+000
       719,2.561957102E-001,2.474621132E+000,0.000000000E+000
       720,2.217241506E-001,2.365068792E+000,0.000000000E+000
       721,2.078399002E-001,2.267210585E+000,0.000000000E+000
       722,2.009641250E-001,2.170982633E+000,2.242077543E-044
       723,1.972757094E-001,2.074492253E+000,5.923288609E-042
       724,1.951972522E-001,1.977484102E+000,4.867746527E-040
       725,1.940292915E-001,1.880033804E+000,4.141987148E-038
       726,1.934357330E-001,1.782234756E+000,2.825740622E-035
       727,1.932599358E-001,1.684139082E+000,1.188892231E-034
       728,1.934090985E-001,1.585765471E+000,5.550048970E-032
       729,1.937801446E-001,1.487120472E+000,1.475531516E-029
       730,1.942583987E-001,1.388207962E+000,3.156419104E-028
       731,1.947511609E-001,1.289007535E+000,3.794547680E-027
       732,1.952371005E-001,1.189514787E+000,2.943829526E-026
       733,1.957839251E-001,1.089748027E+000,2.164970083E-025
       734,1.965565256E-001,9.897741615E-001,2.325370650E-024
       735,1.977839827E-001,8.897331541E-001,1.548380602E-022
       736,1.997783230E-001,7.897905785E-001,9.544863543E-022
       737,2.029673717E-001,6.900408480E-001,3.245962448E-019
       738,2.078486457E-001,5.903843039E-001,9.428066069E-019
       739,2.144566844E-001,4.894625085E-001,6.562811172E-019
       740,2.099065610E-001,1.914597209E-001,0.000000000E+000
       741,2.155717742E-001,2.878649772E-001,0.000000000E+000
       742,3.158543163E-001,1.859620934E-001,0.000000000E+000
       743,4.209679501E-001,1.808553686E-001,0.000000000E+000
       744,5.455385657E-001,1.944812135E-001,0.000000000E+000
       745,8.882515013E-001,1.777223402E-001,8.196572214E-002
       746,9.857072963E-001,1.861768997E-001,9.491150081E-002
       747,1.086187967E+000,1.910928370E-001,1.014652774E-001
       748,1.187450661E+000,1.935076497E-001,1.043471545E-001
       749,1.288733204E+000,1.944966005E-001,1.052065939E-001
       750,1.389788955E+000,1.948205748E-001,1.051391661E-001
       751,1.490575410E+000,1.949333836E-001,1.047259122E-001
       752,1.591125976E+000,1.950496262E-001,1.041225716E-001
       753,1.691480975E+000,1.952840709E-001,1.034312993E-001
       754,1.791682506E+000,1.957657432E-001,1.027478799E-001
       755,1.891775329E+000,1.966989829E-001,1.021823734E-001
       756,1.991837678E+000,1.984085556E-001,1.019183174E-001
       757,2.092061985E+000,2.013557743E-001,1.023639441E-001
       758,2.192917526E+000,2.061135791E-001,1.038546637E-001
       759,2.295517883E+000,2.133867439E-001,1.067695394E-001
       760,2.402707786E+000,2.247061605E-001,1.125347465E-001
       761,2.524428193E+000,2.454306151E-001,1.246314868E-001
       762,2.629174019E+000,2.143553735E-001,9.922794253E-002
       763,2.725036842E+000,2.023867926E-001,8.992365748E-002
       764,2.820406744E+000,1.969257212E-001,8.510940522E-002
       765,2.916592173E+000,1.943011636E-001,8.222369105E-002
       766,3.013522020E+000,1.930654443E-001,8.012809604E-002
       767,3.110964330E+000,1.925838408E-001,7.824295759E-002
       768,3.208777965E+000,1.925691439E-001,7.620389760E-002
       769,3.306915172E+000,1.928972558E-001,7.372586429E-002
       770,3.405370900E+000,1.935221222E-001,7.058305293E-002
       771,3.504129709E+000,1.944150848E-001,6.668207049E-002
       772,3.603120527E+000,1.955004866E-001,6.219878793E-002
       773,3.702256961E+000,1.966770309E-001,5.769718438E-002
       774,3.699791186E+000,2.801571423E+000,6.991375267E-005
       775,3.600018956E+000,2.801950461E+000,7.165464922E-005
       776,3.500494254E+000,2.802182332E+000,7.325476327E-005
       777,3.401248967E+000,2.802249062E+000,7.467934483E-005
       778,3.302264545E+000,2.802171227E+000,7.587910659E-005
       779,3.203451765E+000,2.801990298E+000,7.678341353E-005
       780,3.104677551E+000,2.801747146E+000,7.730055950E-005
       781,3.005782331E+000,2.801461408E+000,7.730281504E-005
       782,2.906587907E+000,2.801116239E+000,7.642040873E-005
       783,2.806900481E+000,2.800647291E+000,7.338981959E-005
       784,2.706509989E+000,2.799933888E+000,6.702903920E-005
       785,2.605190642E+000,2.798817903E+000,5.701524788E-005
       786,2.502707614E+000,2.797196841E+000,4.050240022E-005
       787,2.398838092E+000,2.795243820E+000,2.602667519E-005
       788,5.093192014E-001,2.734451767E-001,0.000000000E+000
       789,3.263672198E-001,2.779029744E-001,2.544738436E-019
       790,4.207864902E-001,2.599813981E-001,1.943951341E-019
       791,5.605782600E-001,3.603501207E-001,6.889203791E-011
       792,4.871674251E-001,3.414344750E-001,7.645924502E-014
       793,6.284106981E-001,3.709929334E-001,4.949540777E-011
       794,6.868046612E-001,3.671291160E-001,7.825103967E-005
       795,8.764188492E-001,2.663482738E-001,1.821044385E-001
       796,7.803298157E-001,1.274193414E+000,5.276864523E-022
       797,8.797068068E-001,1.273814200E+000,5.240887417E-022
       798,9.794215371E-001,1.273594226E+000,5.217385673E-022
       799,1.079368480E+000,1.273487993E+000,5.200931423E-022
       800,1.179453686E+000,1.273484575E+000,5.195049676E-022
       801,1.279590729E+000,1.273575613E+000,5.204668983E-022
       802,1.379706750E+000,1.273737154E+000,5.234586627E-022
       803,1.479747619E+000,1.273928357E+000,5.293493459E-022
       804,1.579680640E+000,1.274099631E+000,1.011049675E-021
       805,1.679494755E+000,1.274202308E+000,1.806840391E-018
       806,1.779184805E+000,1.274188606E+000,7.454717487E-015
       807,1.878709072E+000,1.273999433E+000,3.152179559E-011
       808,1.977901807E+000,1.273522609E+000,6.510126838E-008
       809,2.076373953E+000,1.272470443E+000,1.528820867E-004
       810,2.173739243E+000,1.269975248E+000,6.830110215E-004
       811,2.254190448E+000,1.173679795E+000,7.791268174E-003
       812,2.272354054E+000,1.262845922E+000,1.756295329E-003
       813,2.256923488E+000,1.089556486E+000,4.060491920E-002
       814,2.262153006E+000,9.997132508E-001,7.756257802E-002
       815,2.266290637E+000,9.053855870E-001,7.847206295E-002
       816,2.269132360E+000,8.085834450E-001,7.656870782E-002
       817,2.271369237E+000,7.107182470E-001,7.594974339E-002
       818,2.273844174E+000,6.127523977E-001,7.133826613E-002
       819,2.277387325E+000,5.154018704E-001,9.134518355E-002
       820,2.183559492E+000,4.057203389E-001,1.630732864E-001
       821,2.282533587E+000,4.173015248E-001,1.611538976E-001
       822,2.084349739E+000,3.974316710E-001,1.652266234E-001
       823,1.984746158E+000,3.928598817E-001,1.665289253E-001
       824,1.884894725E+000,3.904698276E-001,1.665520072E-001
       825,1.784863201E+000,3.892546933E-001,1.660170257E-001
       826,1.684661869E+000,3.886597509E-001,1.651532799E-001
       827,1.584269582E+000,3.883954702E-001,1.641006917E-001
       828,1.483653630E+000,3.883115345E-001,1.629816294E-001
       829,1.382759896E+000,3.883148305E-001,1.619455069E-001
       830,1.281443074E+000,3.881372508E-001,1.612415910E-001
       831,1.179517479E+000,3.872050316E-001,1.614487171E-001
       832,1.076394358E+000,3.846483188E-001,1.634641141E-001
       833,9.697076530E-001,3.791404612E-001,1.683271527E-001
       834,8.489105903E-001,3.670916488E-001,2.004236728E-001
       835,7.627155680E-001,4.098489227E-001,7.993619889E-002
       836,6.889358500E-001,4.292841483E-001,3.045478479E-005
       837,6.145059897E-001,4.332614581E-001,2.862782511E-010
       838,5.364254243E-001,4.268133694E-001,3.325319742E-010
       839,4.254704542E-001,4.959837327E-001,3.179035269E-013
       840,4.518083544E-001,4.107603055E-001,2.265603476E-013
       841,4.085487062E-001,5.883834274E-001,1.674230009E-013
       842,3.993004415E-001,6.852554880E-001,8.715501836E-017
       843,3.943126651E-001,7.839885243E-001,8.917771318E-017
       844,3.916234637E-001,8.835178250E-001,4.121108679E-019
       845,3.901829928E-001,9.832705306E-001,1.292320831E-020
       846,3.894519639E-001,1.082861886E+000,3.409134422E-021
       847,3.891445266E-001,1.182004083E+000,9.662973060E-022
       848,3.888033537E-001,1.280684809E+000,1.768453989E-022
       849,4.856392492E-001,1.375632604E+000,3.753589198E-023
       850,3.883349425E-001,1.378898447E+000,1.054934143E-023
       851,5.833034950E-001,1.373255406E+000,6.033767348E-023
       852,6.815939510E-001,1.371818282E+000,6.547988538E-023
       853,2.827256820E+000,2.603834620E+000,1.045599711E-004
       854,2.924455012E+000,2.604456803E+000,9.669680730E-005
       855,3.021141819E+000,2.604870464E+000,8.631560195E-005
       856,3.117571349E+000,2.605194042E+000,8.813880413E-005
       857,3.213952986E+000,2.605447360E+000,8.809144492E-005
       858,3.310497488E+000,2.605593345E+000,8.638540749E-005
       859,3.407457058E+000,2.605565067E+000,8.403172251E-005
       860,3.505130652E+000,2.605275582E+000,8.612468810E-005
       861,3.604457445E+000,2.506411611E+000,3.581639030E-004
       862,3.603422221E+000,2.604622517E+000,1.390865073E-004
       863,3.604964038E+000,2.408694128E+000,9.260913939E-004
       864,3.605085793E+000,2.311665115E+000,1.406476833E-003
       865,3.604976038E+000,2.215073201E+000,1.745373243E-003
       866,3.604700412E+000,2.118712305E+000,2.283986658E-003
       867,3.604206054E+000,2.022405542E+000,2.581936773E-003
       868,3.603278821E+000,1.925934048E+000,3.047521226E-003
       869,3.601463219E+000,1.828960224E+000,3.865879029E-003
       870,3.597894501E+000,1.730937975E+000,4.830663092E-003
       871,3.590973886E+000,1.631045565E+000,6.548445206E-003
       872,3.578029710E+000,1.528635135E+000,1.094297040E-002
       873,3.464531140E+000,1.445127021E+000,1.560867857E-002
       874,3.557363693E+000,1.427248891E+000,1.957356930E-002
       875,3.373198431E+000,1.455453594E+000,1.270657033E-002
       876,3.281269231E+000,1.461184087E+000,1.071517169E-002
       877,3.188711063E+000,1.464621811E+000,9.320240468E-003
       878,3.095761276E+000,1.467128897E+000,8.217331953E-003
       879,3.002719593E+000,1.469748998E+000,7.162690163E-003
       880,2.910084579E+000,1.473482156E+000,5.942713469E-003
       881,2.819005403E+000,1.479436710E+000,4.340515938E-003
       882,2.732071903E+000,1.488518312E+000,2.114288742E-003
       883,2.653332893E+000,1.498402281E+000,7.674133522E-004
       884,2.572549529E+000,1.487199215E+000,4.162983096E-004
       885,2.473708867E+000,1.569203224E+000,1.354697451E-004
       886,2.479737730E+000,1.475044377E+000,3.403818992E-004
       887,2.471120946E+000,1.663255203E+000,6.840540300E-005
       888,2.469961470E+000,1.758421301E+000,4.724788960E-005
       889,2.469555908E+000,1.854293009E+000,3.995277802E-005
       890,2.469667668E+000,1.950298881E+000,3.682286479E-005
       891,2.470279823E+000,2.045802750E+000,3.519854363E-005
       892,2.471470201E+000,2.139962369E+000,3.423756425E-005
       893,2.473161216E+000,2.231532816E+000,3.344163997E-005
       894,2.474408107E+000,2.318807394E+000,3.188390110E-005
       895,2.471310731E+000,2.400657720E+000,2.968622539E-005
       896,2.443746862E+000,2.487426455E+000,2.779576062E-005
       897,2.423500290E+000,2.588844063E+000,2.639274862E-005
       898,2.514266975E+000,2.696115019E+000,4.295683175E-005
       899,2.409415568E+000,2.692170399E+000,2.492680323E-005
       900,2.616747825E+000,2.699021781E+000,6.279593799E-005
       901,2.717459904E+000,2.700833612E+000,7.686830213E-005
       902,2.872533496E+000,1.282688528E+000,3.353555128E-002
       903,2.968967779E+000,1.278074801E+000,3.686533123E-002
       904,3.063480204E+000,1.275237474E+000,3.924793378E-002
       905,3.157071246E+000,1.273087067E+000,4.116636887E-002
       906,3.249927354E+000,1.270864264E+000,4.294708371E-002
       907,3.341782725E+000,1.268042199E+000,4.455724359E-002
       908,3.431923588E+000,1.264288059E+000,4.561946169E-002
       909,3.518952195E+000,1.260256791E+000,4.558424652E-002
       910,3.605453512E+000,1.174190338E+000,5.326469243E-002
       911,3.601352786E+000,1.259794970E+000,4.286558554E-002
       912,3.606439960E+000,1.081174928E+000,5.473835394E-002
       913,3.606744692E+000,9.845701564E-001,7.550609112E-002
       914,3.606848259E+000,8.862342643E-001,9.677379578E-002
       915,3.606839785E+000,7.871305255E-001,1.118959337E-001
       916,3.606744051E+000,6.878004693E-001,1.336072832E-001
       917,3.606549942E+000,5.886307455E-001,1.495239437E-001
       918,3.606197957E+000,4.899678629E-001,1.568575650E-001
       919,3.507287423E+000,3.893917984E-001,1.456356943E-001
       920,3.605495260E+000,3.915785336E-001,1.372374445E-001
       921,3.409621935E+000,3.875692936E-001,1.523168385E-001
       922,3.312803360E+000,3.864744028E-001,1.571054608E-001
       923,3.216579175E+000,3.859043679E-001,1.604750752E-001
       924,3.120782131E+000,3.857378327E-001,1.630083770E-001
       925,3.025398311E+000,3.859334313E-001,1.651417464E-001
       926,2.930649230E+000,3.864790251E-001,1.672026962E-001
       927,2.837122240E+000,3.873105890E-001,1.694515347E-001
       928,2.745924763E+000,3.880982341E-001,1.720623821E-001
       929,2.658714946E+000,3.876554577E-001,1.746687591E-001
       930,2.576667489E+000,3.821999858E-001,1.790895611E-001
       931,2.477484889E+000,4.504734429E-001,1.604305059E-001
       932,2.491330123E+000,3.528318932E-001,1.834775507E-001
       933,2.470666896E+000,5.478341447E-001,9.797314554E-002
       934,2.466875208E+000,6.458105159E-001,7.866293937E-002
       935,2.464200372E+000,7.441562674E-001,7.786010951E-002
       936,2.461193177E+000,8.423805974E-001,7.864251733E-002
       937,2.456177749E+000,9.400193687E-001,8.036810160E-002
       938,2.446552773E+000,1.036957585E+000,5.473336577E-002
       939,2.427130512E+000,1.134453354E+000,1.830927655E-002
       940,2.383452929E+000,1.239266851E+000,4.633087665E-003
       941,2.492309496E+000,1.377962666E+000,1.197929145E-003
       942,2.383818168E+000,1.362568325E+000,7.763126632E-004
       943,2.589346426E+000,1.402992485E+000,1.440974651E-003
       944,1.487316852E+000,2.665232974E+000,0.000000000E+000
       945,1.487509758E+000,2.749468647E+000,0.000000000E+000
       946,2.381748894E+000,2.238476480E+000,1.960366717E-005
       947,2.389667910E+000,2.322795619E+000,1.998047810E-005
       948,2.377249071E+000,2.146606145E+000,1.961896305E-005
       949,2.374834986E+000,2.051370078E+000,1.990379133E-005
       950,2.373655249E+000,1.954567303E+000,2.034610407E-005
       951,2.373260738E+000,1.857156340E+000,2.125841638E-005
       952,2.373496440E+000,1.759745868E+000,2.389589827E-005
       953,2.374434073E+000,1.662676513E+000,3.424453462E-005
       954,2.376336506E+000,1.565738119E+000,7.808027294E-005
       955,2.379565617E+000,1.467222776E+000,2.370030561E-004
       956,2.277774055E+000,1.364584534E+000,4.568632576E-004
       957,2.176636180E+000,1.367481505E+000,1.264659804E-004
       958,2.077278850E+000,1.369227291E+000,1.974965380E-005
       959,1.978092033E+000,1.370178697E+000,1.010145834E-008
       960,1.878728973E+000,1.370661019E+000,4.130253865E-012
       961,1.779185886E+000,1.370850969E+000,1.171966644E-015
       962,1.679492059E+000,1.370849083E+000,4.197921446E-019
       963,1.579660108E+000,1.370726455E+000,1.707086542E-022
       964,1.479699852E+000,1.370543808E+000,7.017366456E-023
       965,1.379632675E+000,1.370356284E+000,6.475326244E-023
       966,1.279498630E+000,1.370212946E+000,6.190911596E-023
       967,1.179359072E+000,1.370150619E+000,6.100587653E-023
       968,1.079295068E+000,1.370185418E+000,6.108778553E-023
       969,9.793972799E-001,1.370318887E+000,6.149503971E-023
       970,8.797538080E-001,1.370568846E+000,6.228642497E-023
       971,7.804516721E-001,1.371012037E+000,6.354475278E-023
       972,2.321747559E+000,1.165922453E+000,8.905499242E-003
       973,2.339770429E+000,1.099431403E+000,2.953622490E-002
       974,2.352282054E+000,1.013951584E+000,6.543954462E-002
       975,2.359870872E+000,9.208710326E-001,7.862065732E-002
       976,2.364392482E+000,8.246035792E-001,7.564080507E-002
       977,2.367511205E+000,7.269961980E-001,7.428704947E-002
       978,2.370586293E+000,6.290071222E-001,7.210424542E-002
       979,2.374834416E+000,5.310671872E-001,9.291501343E-002
       980,2.381438155E+000,4.325711982E-001,1.597344726E-001
       981,2.289437375E+000,3.172668596E-001,1.813163310E-001
       982,2.391365935E+000,3.317508368E-001,1.825911403E-001
       983,2.188468002E+000,3.073015983E-001,1.812212169E-001
       984,2.088209358E+000,3.005764717E-001,1.814717054E-001
       985,1.988195283E+000,2.964748684E-001,1.816338897E-001
       986,1.888194718E+000,2.941363652E-001,1.819042116E-001
       987,1.788103900E+000,2.928700397E-001,1.826213449E-001
       988,1.687867803E+000,2.922194866E-001,1.835836619E-001
       989,1.587443568E+000,2.919110647E-001,1.846080273E-001
       990,1.486788968E+000,2.917845636E-001,1.855458468E-001
       991,1.385842725E+000,2.916900265E-001,1.862334013E-001
       992,1.284528957E+000,2.913002321E-001,1.864480227E-001
       993,1.182805687E+000,2.899991913E-001,1.862486601E-001
       994,1.080586675E+000,2.867812550E-001,1.857573092E-001
       995,9.778130675E-001,2.799963871E-001,1.836772710E-001
       996,7.351817372E-001,3.427315498E-001,2.191271484E-001
       997,3.703209420E+000,2.951858261E-001,9.347918630E-002
       998,3.703972500E+000,3.939174239E-001,1.278019845E-001
       999,3.704518171E+000,4.928261291E-001,1.494066566E-001
      1000,3.704857704E+000,5.919370589E-001,1.502438337E-001
      1001,3.705051859E+000,6.912709182E-001,1.424275786E-001
      1002,3.705108315E+000,7.906663375E-001,1.331801713E-001
      1003,3.704950948E+000,8.898752676E-001,1.273618340E-001
      1004,3.704358060E+000,9.885708237E-001,1.073512286E-001
      1005,3.702787269E+000,1.086387515E+000,8.681184053E-002
      1006,3.698855305E+000,1.183224084E+000,8.234833181E-002
      1007,3.688770536E+000,1.280569545E+000,5.779877305E-002
      1008,3.660259787E+000,1.388485214E+000,2.770564705E-002
      1009,3.679583203E+000,1.511125798E+000,1.556608453E-002
      1010,3.689812649E+000,1.618391554E+000,1.014847681E-002
      1011,3.695766888E+000,1.720476082E+000,7.557323202E-003
      1012,3.699185450E+000,1.820095920E+000,6.139571313E-003
      1013,3.701110390E+000,1.918454156E+000,5.211005919E-003
      1014,3.702195961E+000,2.016199431E+000,4.657812882E-003
      1015,3.702829797E+000,2.113708901E+000,4.064040724E-003
      1016,3.703205745E+000,2.211211873E+000,3.454260062E-003
      1017,3.703377890E+000,2.308863227E+000,3.081055591E-003
      1018,3.703310651E+000,2.406788548E+000,1.939756447E-003
      1019,3.702930860E+000,2.505079697E+000,8.771648281E-004
      1020,3.702193250E+000,2.603694286E+000,4.275557294E-004
      1021,3.701124378E+000,2.702540365E+000,7.448069664E-005
      1022,3.522185687E-001,3.760543415E-001,1.337239452E-017
      1023,4.248285964E-001,3.210851542E-001,2.253637811E-019
      1024,3.250126882E-001,4.865023792E-001,1.415766867E-016
      1025,3.108457145E-001,5.875523018E-001,1.135302876E-016
      1026,3.027424988E-001,6.871426366E-001,1.184935194E-018
      1027,2.980480368E-001,7.866718627E-001,8.654196213E-019
      1028,2.953375249E-001,8.864306130E-001,2.688619466E-022
      1029,2.937756936E-001,9.862842550E-001,1.387062081E-022
      1030,2.928625667E-001,1.086017973E+000,2.214113731E-023
      1031,2.922785013E-001,1.185458030E+000,4.368467935E-024
      1032,2.917658003E-001,1.284539855E+000,6.308221878E-025
      1033,2.912308057E-001,1.383235830E+000,2.780033344E-026
      1034,2.892276950E+000,1.379979801E+000,1.513551269E-002
      1035,2.799638076E+000,1.389074309E+000,1.143694576E-002
      1036,2.985915669E+000,1.374833546E+000,1.761119626E-002
      1037,3.079426718E+000,1.371535484E+000,1.952465810E-002
      1038,3.172516840E+000,1.368759611E+000,2.126341313E-002
      1039,3.264896243E+000,1.365396674E+000,2.312934026E-002
      1040,3.355990053E+000,1.360662724E+000,2.533846162E-002
      1041,3.444479830E+000,1.353231856E+000,2.795577236E-002
      1042,3.526611836E+000,1.342046697E+000,3.070826270E-002
      1043,3.591512032E+000,1.326548514E+000,3.187162057E-002
      1044,2.816901447E+000,2.701903334E+000,8.673244884E-005
      1045,2.915477183E+000,2.702557008E+000,8.962085849E-005
      1046,3.013501107E+000,2.703004730E+000,8.885886200E-005
      1047,3.111221986E+000,2.703349935E+000,8.821983647E-005
      1048,3.208851189E+000,2.703617310E+000,8.686276851E-005
      1049,3.306581934E+000,2.703781997E+000,8.483930287E-005
      1050,3.404595768E+000,2.703794982E+000,8.244193305E-005
      1051,3.503036562E+000,2.703603852E+000,7.983663818E-005
      1052,3.601902775E+000,2.703175106E+000,7.711977378E-005
      1053,2.712889445E+000,1.406629959E+000,4.865309224E-003
      1054,2.652843352E+000,1.438113128E+000,1.415663515E-003
      1055,3.604431414E+000,2.934803666E-001,1.005199626E-001
      1056,3.505892658E+000,2.918999631E-001,1.071108803E-001
      1057,3.407738712E+000,2.905978157E-001,1.125839129E-001
      1058,3.310089156E+000,2.897171318E-001,1.167817190E-001
      1059,3.212896529E+000,2.892484363E-001,1.199439466E-001
      1060,3.116115433E+000,2.891878543E-001,1.224417686E-001
      1061,3.019808866E+000,2.895966374E-001,1.246460006E-001
      1062,2.924272061E+000,2.906455143E-001,1.269383729E-001
      1063,2.830244733E+000,2.926969551E-001,1.298249513E-001
      1064,2.739430261E+000,2.964756249E-001,1.341914833E-001
      1065,2.656067959E+000,3.033353699E-001,1.419684440E-001
      1066,2.590781366E+000,3.151180298E-001,1.516525447E-001
      1067,2.906860720E-001,1.481518436E+000,1.156365654E-028
      1068,2.902501804E-001,1.579427380E+000,1.190328300E-029
      1069,2.900557859E-001,1.676934975E+000,8.140121321E-033
      1070,2.902204317E-001,1.774057460E+000,9.317242583E-035
      1071,2.908091261E-001,1.870800753E+000,6.605879252E-037
      1072,2.919524028E-001,1.967088524E+000,1.452426240E-039
      1073,2.939496934E-001,2.062683198E+000,1.667124783E-041
      1074,2.972306992E-001,2.157027398E+000,9.668959404E-044
      1075,3.028167157E-001,2.248766791E+000,0.000000000E+000
      1076,3.121439121E-001,2.333976082E+000,0.000000000E+000
      1077,3.266608038E-001,2.401759928E+000,0.000000000E+000
      1078,8.034606816E-001,2.731369798E+000,0.000000000E+000
      1079,9.054178831E-001,2.703496421E+000,0.000000000E+000
      1080,1.000013978E+000,2.688011043E+000,0.000000000E+000
      1081,1.094832730E+000,2.679111044E+000,0.000000000E+000
      1082,1.191645529E+000,2.673231702E+000,0.000000000E+000
      1083,1.289962150E+000,2.669751778E+000,0.000000000E+000
      1084,1.388473051E+000,2.667054101E+000,0.000000000E+000
      1085,2.402621809E+000,2.388277897E+000,2.009730269E-005
      1086,1.388926423E+000,2.751269272E+000,0.000000000E+000
      1087,1.290656942E+000,2.753773258E+000,0.000000000E+000
      1088,1.193556598E+000,2.757270472E+000,0.000000000E+000
      1089,1.099222243E+000,2.762375156E+000,0.000000000E+000
      1090,1.009769047E+000,2.770890951E+000,0.000000000E+000
      1091,2.211310989E-001,3.872866679E-001,0.000000000E+000
