nodenumber,    x-coordinate,    y-coordinate,            c2h6
         1,7.100000000E-001,3.000000000E-001,5.000864267E-001
         2,6.850858620E-001,3.238342004E-001,3.484731496E-005
         3,6.856125011E-001,3.056513156E-001,1.693023296E-005
         4,7.000000000E-001,3.000000000E-001,8.643488400E-005
         5,7.100000000E-001,2.800000000E-001,5.050659180E-001
         6,7.236791771E-001,2.305009119E-001,5.225588009E-002
         7,7.903931993E-001,2.408555716E-001,1.703173816E-001
         8,7.687291603E-001,3.020279623E-001,3.782384694E-001
         9,7.000000000E-001,2.800000000E-001,5.065918900E-003
        10,6.764162816E-001,2.362815490E-001,4.567706856E-005
        11,6.671475470E-001,2.913394410E-001,0.000000000E+000
        12,1.780000000E+000,2.494285714E+000,0.000000000E+000
        13,1.681517864E+000,2.494520771E+000,0.000000000E+000
        14,1.680000000E+000,2.410000000E+000,0.000000000E+000
        15,1.780000000E+000,2.578571429E+000,0.000000000E+000
        16,1.682649631E+000,2.578925679E+000,0.000000000E+000
        17,1.780000000E+000,2.662857143E+000,0.000000000E+000
        18,1.683253420E+000,2.663221486E+000,0.000000000E+000
        19,1.780000000E+000,2.747142857E+000,0.000000000E+000
        20,1.683304013E+000,2.747452798E+000,0.000000000E+000
        21,1.780000000E+000,2.831428571E+000,0.000000000E+000
        22,1.682886328E+000,2.831651215E+000,0.000000000E+000
        23,1.780000000E+000,2.915714286E+000,0.000000000E+000
        24,1.682130642E+000,2.915822261E+000,0.000000000E+000
        25,1.681111111E+000,3.000000000E+000,0.000000000E+000
        26,2.753750000E+000,1.080000000E+000,8.164832741E-002
        27,2.757800583E+000,1.184157553E+000,6.286897510E-002
        28,2.650383590E+000,1.183717388E+000,6.048365310E-002
        29,2.660000000E+000,1.080000000E+000,9.143145382E-002
        30,2.753750000E+000,2.410000000E+000,1.364695927E-004
        31,2.741416988E+000,2.505899641E+000,1.175422294E-004
        32,2.644030787E+000,2.504213767E+000,8.314732258E-005
        33,2.660000000E+000,2.410000000E+000,9.436059918E-005
        34,2.080000000E+000,2.896923077E+000,3.888674109E-005
        35,2.183600715E+000,2.896948020E+000,3.785748777E-005
        36,2.181052632E+000,3.000000000E+000,4.068027920E-005
        37,2.080000000E+000,2.793846154E+000,3.638529961E-005
        38,2.186660160E+000,2.793568969E+000,3.334645589E-005
        39,2.080000000E+000,2.690769231E+000,3.488524453E-005
        40,2.190469218E+000,2.689299070E+000,3.117573578E-005
        41,2.080000000E+000,2.587692308E+000,3.410937279E-005
        42,2.194953111E+000,2.583215536E+000,3.042453136E-005
        43,2.080000000E+000,2.484615385E+000,3.369433034E-005
        44,2.198645940E+000,2.474412107E+000,3.005496364E-005
        45,2.080000000E+000,2.381538461E+000,3.335049769E-005
        46,2.191224313E+000,2.369016531E+000,2.977392251E-005
        47,2.080000000E+000,2.278461539E+000,3.298517186E-005
        48,2.185022393E+000,2.267129089E+000,2.952852992E-005
        49,2.080000000E+000,2.175384615E+000,3.260116500E-005
        50,2.181445824E+000,2.166334234E+000,2.924955334E-005
        51,2.080000000E+000,2.072307692E+000,3.219550126E-005
        52,2.179610975E+000,2.065523334E+000,2.878684427E-005
        53,2.080000000E+000,1.969230769E+000,3.175000893E-005
        54,2.178731126E+000,1.964466470E+000,2.776365727E-005
        55,2.080000000E+000,1.866153846E+000,3.131796257E-005
        56,2.178351504E+000,1.863298984E+000,2.590333497E-005
        57,2.080000000E+000,1.763076923E+000,2.388462053E-005
        58,2.178249395E+000,1.762322300E+000,1.942751078E-005
        59,2.080000000E+000,1.660000000E+000,8.323734619E-006
        60,2.178272577E+000,1.662064844E+000,8.147202607E-006
        61,2.078781499E+000,1.563555617E+000,5.023946983E-007
        62,2.178081724E+000,1.563876940E+000,5.736317235E-006
        63,1.980000000E+000,1.660000000E+000,4.039061585E-010
        64,1.979124271E+000,1.563680529E+000,3.238001534E-010
        65,1.880000000E+000,1.660000000E+000,0.000000000E+000
        66,1.879392702E+000,1.563821318E+000,1.397008729E-013
        67,1.780000000E+000,1.660000000E+000,0.000000000E+000
        68,1.779618311E+000,1.563874084E+000,4.852887336E-017
        69,1.680000000E+000,1.660000000E+000,0.000000000E+000
        70,1.679782640E+000,1.563834717E+000,0.000000000E+000
        71,1.580000000E+000,1.660000000E+000,0.000000000E+000
        72,1.579869171E+000,1.563732311E+000,3.867367785E-026
        73,1.480000000E+000,1.660000000E+000,4.572546726E-028
        74,1.479876414E+000,1.563603606E+000,5.032106428E-026
        75,1.380000000E+000,1.660000000E+000,4.854232758E-028
        76,1.379816948E+000,1.563481873E+000,1.354252615E-026
        77,1.280000000E+000,1.660000000E+000,2.832557855E-029
        78,1.279713967E+000,1.563394229E+000,2.019020924E-027
        79,1.180000000E+000,1.660000000E+000,3.349249302E-031
        80,1.179601731E+000,1.563363030E+000,1.098840533E-028
        81,1.080000000E+000,1.660000000E+000,3.488960097E-031
        82,1.079529783E+000,1.563398102E+000,5.295394336E-029
        83,9.800000000E-001,1.660000000E+000,3.265716088E-031
        84,9.795579064E-001,1.563489052E+000,3.319511185E-029
        85,8.800000000E-001,1.660000000E+000,2.918544175E-031
        86,8.797380029E-001,1.563631490E+000,1.869021724E-029
        87,7.800000000E-001,1.660000000E+000,2.076519940E-031
        88,7.801111495E-001,1.563879361E+000,1.119440686E-029
        89,6.800000000E-001,1.660000000E+000,7.143536769E-032
        90,6.807459911E-001,1.564412059E+000,1.423364544E-029
        91,5.800000000E-001,1.660000000E+000,0.000000000E+000
        92,5.818562237E-001,1.565676399E+000,3.110239939E-029
        93,4.834779748E-001,1.664623905E+000,2.413108406E-031
        94,4.842292519E-001,1.568962833E+000,4.867614300E-029
        95,5.800000000E-001,1.753750000E+000,0.000000000E+000
        96,4.833753413E-001,1.759715382E+000,2.745039892E-034
        97,5.800000000E-001,1.847500000E+000,0.000000000E+000
        98,4.835741590E-001,1.854509307E+000,1.659572883E-036
        99,5.800000000E-001,1.941250000E+000,0.000000000E+000
       100,4.839912204E-001,1.949061242E+000,1.005464719E-038
       101,5.800000000E-001,2.035000000E+000,0.000000000E+000
       102,4.846355171E-001,2.043308161E+000,1.811458525E-041
       103,5.800000000E-001,2.128750000E+000,0.000000000E+000
       104,4.855403833E-001,2.137079634E+000,1.050973848E-043
       105,5.800000000E-001,2.222500000E+000,0.000000000E+000
       106,4.866220792E-001,2.230159242E+000,0.000000000E+000
       107,5.800000000E-001,2.316250000E+000,0.000000000E+000
       108,4.872641311E-001,2.322659572E+000,0.000000000E+000
       109,5.800000000E-001,2.410000000E+000,0.000000000E+000
       110,4.854315502E-001,2.416524385E+000,0.000000000E+000
       111,5.788273687E-001,2.521328204E+000,0.000000000E+000
       112,4.758670859E-001,2.520558960E+000,0.000000000E+000
       113,6.800000000E-001,2.410000000E+000,0.000000000E+000
       114,6.817993399E-001,2.519494449E+000,0.000000000E+000
       115,7.800000000E-001,2.410000000E+000,0.000000000E+000
       116,7.841807523E-001,2.515607363E+000,0.000000000E+000
       117,8.800000000E-001,2.410000000E+000,0.000000000E+000
       118,8.853825655E-001,2.510319475E+000,0.000000000E+000
       119,9.800000000E-001,2.410000000E+000,0.000000000E+000
       120,9.853946441E-001,2.505592407E+000,0.000000000E+000
       121,1.080000000E+000,2.410000000E+000,0.000000000E+000
       122,1.084976013E+000,2.502033567E+000,0.000000000E+000
       123,1.180000000E+000,2.410000000E+000,0.000000000E+000
       124,1.184622710E+000,2.499473175E+000,0.000000000E+000
       125,1.280000000E+000,2.410000000E+000,0.000000000E+000
       126,1.284358891E+000,2.497671812E+000,0.000000000E+000
       127,1.380000000E+000,2.410000000E+000,0.000000000E+000
       128,1.383974927E+000,2.496359460E+000,0.000000000E+000
       129,1.480000000E+000,2.410000000E+000,0.000000000E+000
       130,1.483390220E+000,2.495448343E+000,0.000000000E+000
       131,1.580000000E+000,2.410000000E+000,0.000000000E+000
       132,1.582583142E+000,2.494861175E+000,0.000000000E+000
       133,2.847500000E+000,1.080000000E+000,8.168220520E-002
       134,2.857735765E+000,1.181622316E+000,6.409198046E-002
       135,2.941250000E+000,1.080000000E+000,8.166612685E-002
       136,2.954004855E+000,1.179472868E+000,6.547226012E-002
       137,3.035000000E+000,1.080000000E+000,8.165523410E-002
       138,3.048645501E+000,1.177966436E+000,6.656608731E-002
       139,3.128750000E+000,1.080000000E+000,8.166910708E-002
       140,3.142526594E+000,1.176840111E+000,6.744403392E-002
       141,3.222500000E+000,1.080000000E+000,8.170871437E-002
       142,3.235951876E+000,1.175788434E+000,6.824252009E-002
       143,3.316250000E+000,1.080000000E+000,8.201293647E-002
       144,3.328961254E+000,1.174586895E+000,6.882436574E-002
       145,3.410000000E+000,1.080000000E+000,7.105610520E-002
       146,3.421606820E+000,1.173193169E+000,6.568989158E-002
       147,3.510142887E+000,1.078890560E+000,6.043907627E-002
       148,3.514405317E+000,1.172153181E+000,5.945638195E-002
       149,3.410000000E+000,9.800000000E-001,6.169034168E-002
       150,3.508937577E+000,9.817277156E-001,6.242164224E-002
       151,3.410000000E+000,8.800000000E-001,6.522323936E-002
       152,3.508610329E+000,8.829582219E-001,6.902761012E-002
       153,3.410000000E+000,7.800000000E-001,6.722405553E-002
       154,3.508495233E+000,7.835747007E-001,8.185160905E-002
       155,3.410000000E+000,6.800000000E-001,9.478701651E-002
       156,3.508411191E+000,6.840656191E-001,1.107991859E-001
       157,3.410000000E+000,5.800000000E-001,1.387456954E-001
       158,3.508296886E+000,5.848725287E-001,1.438129842E-001
       159,3.410675073E+000,4.843641699E-001,1.648626626E-001
       160,3.508138013E+000,4.870166869E-001,1.620012671E-001
       161,3.316250000E+000,5.800000000E-001,1.542487442E-001
       162,3.314907066E+000,4.833129451E-001,1.662083715E-001
       163,3.222500000E+000,5.800000000E-001,1.518852860E-001
       164,3.219781525E+000,4.828454334E-001,1.668747514E-001
       165,3.128750000E+000,5.800000000E-001,1.496748179E-001
       166,3.124982324E+000,4.826820460E-001,1.671481282E-001
       167,3.035000000E+000,5.800000000E-001,1.474474967E-001
       168,3.030422532E+000,4.827255533E-001,1.672062427E-001
       169,2.941250000E+000,5.800000000E-001,1.449211538E-001
       170,2.936178497E+000,4.828924369E-001,1.671323031E-001
       171,2.847500000E+000,5.800000000E-001,1.417281479E-001
       172,2.842516810E+000,4.829806726E-001,1.670053601E-001
       173,2.753750000E+000,5.800000000E-001,1.372471601E-001
       174,2.749876187E+000,4.823724716E-001,1.669721007E-001
       175,2.660000000E+000,5.800000000E-001,1.201850846E-001
       176,2.658651652E+000,4.792361368E-001,1.665028483E-001
       177,2.565102288E+000,5.646916777E-001,1.085329056E-001
       178,2.568581600E+000,4.689230628E-001,1.637565494E-001
       179,2.660000000E+000,6.800000000E-001,1.044700295E-001
       180,2.563112987E+000,6.629566658E-001,9.432983398E-002
       181,2.660000000E+000,7.800000000E-001,1.026895046E-001
       182,2.561619289E+000,7.619563550E-001,9.240804613E-002
       183,2.660000000E+000,8.800000000E-001,1.022738665E-001
       184,2.559717597E+000,8.610945098E-001,9.202241153E-002
       185,2.660000000E+000,9.800000000E-001,1.017876491E-001
       186,2.556254263E+000,9.602463267E-001,9.181962162E-002
       187,2.549406486E+000,1.059951984E+000,7.438116521E-002
       188,2.535312758E+000,1.162483078E+000,3.895107657E-002
       189,2.649212114E+000,1.310526273E+000,1.509971637E-002
       190,2.515219091E+000,1.271866797E+000,9.852591902E-003
       191,2.770777700E+000,1.291185440E+000,2.845758386E-002
       192,2.847500000E+000,2.410000000E+000,1.676034881E-004
       193,2.837568736E+000,2.506633191E+000,1.430315897E-004
       194,2.941250000E+000,2.410000000E+000,1.668790210E-004
       195,2.933116361E+000,2.507008421E+000,1.361882460E-004
       196,3.035000000E+000,2.410000000E+000,1.705062605E-004
       197,3.028348573E+000,2.507252463E+000,1.296686096E-004
       198,3.128750000E+000,2.410000000E+000,1.748691429E-004
       199,3.123435872E+000,2.507450086E+000,1.332667598E-004
       200,3.222500000E+000,2.410000000E+000,1.794162963E-004
       201,3.218517121E+000,2.507609878E+000,1.359732560E-004
       202,3.316250000E+000,2.410000000E+000,1.906297839E-004
       203,3.313762287E+000,2.507697351E+000,1.410909172E-004
       204,3.410000000E+000,2.410000000E+000,4.572351463E-004
       205,3.409487231E+000,2.507648200E+000,1.507724373E-004
       206,3.507176008E+000,2.410052052E+000,5.446656141E-004
       207,3.506566449E+000,2.507340758E+000,1.901357318E-004
       208,3.410000000E+000,2.316250000E+000,7.965309196E-004
       209,3.507320175E+000,2.314206538E+000,9.097320726E-004
       210,3.410000000E+000,2.222500000E+000,9.315022617E-004
       211,3.507278485E+000,2.218885876E+000,1.129893120E-003
       212,3.410000000E+000,2.128750000E+000,1.006417559E-003
       213,3.507139276E+000,2.123785062E+000,1.251238282E-003
       214,3.410000000E+000,2.035000000E+000,1.062583644E-003
       215,3.506880963E+000,2.028753286E+000,1.281709759E-003
       216,3.410000000E+000,1.941250000E+000,1.105231815E-003
       217,3.506361989E+000,1.933649123E+000,1.577715040E-003
       218,3.410000000E+000,1.847500000E+000,1.082181116E-003
       219,3.505250696E+000,1.838261062E+000,2.002271358E-003
       220,3.410000000E+000,1.753750000E+000,1.930566737E-003
       221,3.502807811E+000,1.742206673E+000,2.841722453E-003
       222,3.410000000E+000,1.660000000E+000,2.468637424E-003
       223,3.497172721E+000,1.644658680E+000,4.040525295E-003
       224,3.391231317E+000,1.554382819E+000,5.265156273E-003
       225,3.483066692E+000,1.543610905E+000,7.518255152E-003
       226,3.316250000E+000,1.660000000E+000,1.816875767E-003
       227,3.298514324E+000,1.559143877E+000,3.946685698E-003
       228,3.222500000E+000,1.660000000E+000,1.349654165E-003
       229,3.205459638E+000,1.561610966E+000,3.182800487E-003
       230,3.128750000E+000,1.660000000E+000,1.094867126E-003
       231,3.112224431E+000,1.563166712E+000,2.680088626E-003
       232,3.035000000E+000,1.660000000E+000,9.127432713E-004
       233,3.018985328E+000,1.564579755E+000,2.264090814E-003
       234,2.941250000E+000,1.660000000E+000,7.422214840E-004
       235,2.926036077E+000,1.566416397E+000,1.831178786E-003
       236,2.847500000E+000,1.660000000E+000,5.559829879E-004
       237,2.833951303E+000,1.569151312E+000,1.317388029E-003
       238,2.753750000E+000,1.660000000E+000,3.585217346E-004
       239,2.743707453E+000,1.572880904E+000,7.293655653E-004
       240,2.660000000E+000,1.660000000E+000,1.861012570E-004
       241,2.656013274E+000,1.576074220E+000,3.310547036E-004
       242,2.566022305E+000,1.663225593E+000,1.124046757E-004
       243,2.567227055E+000,1.573541921E+000,1.940535294E-004
       244,2.660000000E+000,1.753750000E+000,1.065850302E-004
       245,2.565338889E+000,1.756556447E+000,8.538015391E-005
       246,2.660000000E+000,1.847500000E+000,9.822136053E-005
       247,2.565050864E+000,1.851064172E+000,7.665645535E-005
       248,2.660000000E+000,1.941250000E+000,9.415193927E-005
       249,2.565028508E+000,1.945862405E+000,7.256658137E-005
       250,2.660000000E+000,2.035000000E+000,9.186770330E-005
       251,2.565221082E+000,2.040450422E+000,7.031173300E-005
       252,2.660000000E+000,2.128750000E+000,9.044378385E-005
       253,2.565575482E+000,2.134347371E+000,6.885851326E-005
       254,2.660000000E+000,2.222500000E+000,8.906937001E-005
       255,2.565819268E+000,2.226984270E+000,6.741378456E-005
       256,2.660000000E+000,2.316250000E+000,8.640468150E-005
       257,2.564929062E+000,2.317891050E+000,6.483237667E-005
       258,2.559972687E+000,2.407542664E+000,6.020381261E-005
       259,2.544083267E+000,2.499351099E+000,5.466497169E-005
       260,2.629684454E+000,2.600569854E+000,7.317285053E-005
       261,2.527993174E+000,2.596372273E+000,4.960716615E-005
       262,2.729184668E+000,2.602725313E+000,9.323597624E-005
       263,1.582222222E+000,3.000000000E+000,0.000000000E+000
       264,1.584149939E+000,2.916087151E+000,0.000000000E+000
       265,1.483333333E+000,3.000000000E+000,0.000000000E+000
       266,1.485813779E+000,2.916656593E+000,0.000000000E+000
       267,1.384444444E+000,3.000000000E+000,0.000000000E+000
       268,1.387168402E+000,2.917518048E+000,0.000000000E+000
       269,1.285555556E+000,3.000000000E+000,0.000000000E+000
       270,1.288638965E+000,2.918595919E+000,0.000000000E+000
       271,1.186666667E+000,3.000000000E+000,0.000000000E+000
       272,1.191087119E+000,2.919773674E+000,0.000000000E+000
       273,1.087777778E+000,3.000000000E+000,0.000000000E+000
       274,1.096123087E+000,2.920619102E+000,0.000000000E+000
       275,9.888888889E-001,3.000000000E+000,0.000000000E+000
       276,1.005883487E+000,2.919245669E+000,0.000000000E+000
       277,8.900000000E-001,3.000000000E+000,0.000000000E+000
       278,9.202228872E-001,2.908064124E+000,0.000000000E+000
       279,7.911111111E-001,3.000000000E+000,0.000000000E+000
       280,8.270996967E-001,2.857229693E+000,0.000000000E+000
       281,6.922222222E-001,3.000000000E+000,0.000000000E+000
       282,7.005743464E-001,2.870092388E+000,0.000000000E+000
       283,5.933333333E-001,3.000000000E+000,0.000000000E+000
       284,5.898368955E-001,2.876298388E+000,0.000000000E+000
       285,4.944444444E-001,3.000000000E+000,0.000000000E+000
       286,4.827153235E-001,2.881152954E+000,0.000000000E+000
       287,3.955555556E-001,3.000000000E+000,0.000000000E+000
       288,3.766784646E-001,2.888827348E+000,0.000000000E+000
       289,2.966666667E-001,3.000000000E+000,0.000000000E+000
       290,2.834950926E-001,2.908079059E+000,0.000000000E+000
       291,1.977777778E-001,3.000000000E+000,0.000000000E+000
       292,1.936507975E-001,2.907687920E+000,0.000000000E+000
       293,9.888888889E-002,3.000000000E+000,0.000000000E+000
       294,9.839923630E-002,2.903804398E+000,0.000000000E+000
       295,0.000000000E+000,2.900000000E+000,0.000000000E+000
       296,6.800000000E-001,1.080000000E+000,1.566136738E-021
       297,6.809495488E-001,1.177523665E+000,1.253993591E-021
       298,5.824739765E-001,1.178167125E+000,1.239578918E-021
       299,5.800000000E-001,1.080000000E+000,7.829015092E-022
       300,1.000000000E-001,0.000000000E+000,3.693269670E-019
       301,1.020461735E-001,9.799602415E-002,1.511559857E-022
       302,0.000000000E+000,1.000000000E-001,0.000000000E+000
       303,2.000000000E-001,0.000000000E+000,2.494869901E-016
       304,2.045063614E-001,9.578577070E-002,6.115165323E-020
       305,3.000000000E-001,0.000000000E+000,6.238287542E-016
       306,3.073687170E-001,9.341279887E-002,1.061066328E-016
       307,4.000000000E-001,0.000000000E+000,3.747110175E-016
       308,4.107373747E-001,9.168970928E-002,3.891358806E-014
       309,5.000000000E-001,0.000000000E+000,3.256288850E-010
       310,5.181662852E-001,9.389206832E-002,1.730816185E-010
       311,6.000000000E-001,0.000000000E+000,6.237097296E-006
       312,6.187048753E-001,8.742172330E-002,1.323956695E-007
       313,7.000000000E-001,0.000000000E+000,2.034378122E-005
       314,7.101412574E-001,8.349307336E-002,1.020222669E-003
       315,8.000000000E-001,0.000000000E+000,8.946931339E-004
       316,8.007852047E-001,8.480154097E-002,7.598421536E-003
       317,9.000000000E-001,0.000000000E+000,2.991773421E-003
       318,8.947023068E-001,8.966310871E-002,1.808444224E-002
       319,1.000000000E+000,0.000000000E+000,5.130038131E-003
       320,9.927946641E-001,9.346341984E-002,2.545302175E-002
       321,1.100000000E+000,0.000000000E+000,6.518670358E-003
       322,1.092731278E+000,9.581156373E-002,2.943993919E-002
       323,1.200000000E+000,0.000000000E+000,7.186454255E-003
       324,1.193321047E+000,9.697427373E-002,3.126304597E-002
       325,1.300000000E+000,0.000000000E+000,7.387146819E-003
       326,1.294018303E+000,9.744372817E-002,3.182829544E-002
       327,1.400000000E+000,0.000000000E+000,7.407018449E-003
       328,1.394614629E+000,9.759949179E-002,3.185733408E-002
       329,1.500000000E+000,0.000000000E+000,7.418414578E-003
       330,1.495068137E+000,9.765941128E-002,3.177404404E-002
       331,1.600000000E+000,0.000000000E+000,7.429102901E-003
       332,1.595386099E+000,9.772116305E-002,3.164563328E-002
       333,1.700000000E+000,0.000000000E+000,7.439583540E-003
       334,1.695591436E+000,9.784171659E-002,3.149135038E-002
       335,1.800000000E+000,0.000000000E+000,7.449821103E-003
       336,1.795711494E+000,9.808661527E-002,3.132959083E-002
       337,1.900000000E+000,0.000000000E+000,7.459667511E-003
       338,1.895774717E+000,9.856250894E-002,3.118103184E-002
       339,2.000000000E+000,0.000000000E+000,7.468894124E-003
       340,1.995832442E+000,9.943788191E-002,3.106515668E-002
       341,2.100000000E+000,0.000000000E+000,7.478270680E-003
       342,2.096019652E+000,1.009421747E-001,3.116519935E-002
       343,2.200000000E+000,0.000000000E+000,7.536940277E-003
       344,2.196644079E+000,1.033271463E-001,3.177249804E-002
       345,2.300000000E+000,0.000000000E+000,7.684168406E-003
       346,2.298313050E+000,1.067826515E-001,3.308022395E-002
       347,2.400000000E+000,0.000000000E+000,7.797549013E-003
       348,2.402010330E+000,1.112058946E-001,3.517329693E-002
       349,2.500000000E+000,0.000000000E+000,7.767285686E-003
       350,2.508600902E+000,1.150477881E-001,3.588732705E-002
       351,2.600000000E+000,0.000000000E+000,7.731931284E-003
       352,2.611935691E+000,1.081580767E-001,3.514162451E-002
       353,2.700000000E+000,0.000000000E+000,7.769840304E-003
       354,2.711603999E+000,1.024040128E-001,3.425743058E-002
       355,2.800000000E+000,0.000000000E+000,7.809168659E-003
       356,2.810018588E+000,9.907023158E-002,3.294688836E-002
       357,2.900000000E+000,0.000000000E+000,7.836756296E-003
       358,2.908317563E+000,9.734130706E-002,3.193031996E-002
       359,3.000000000E+000,0.000000000E+000,7.857320830E-003
       360,3.006808593E+000,9.651525301E-002,3.115178458E-002
       361,3.100000000E+000,0.000000000E+000,7.874710485E-003
       362,3.105515835E+000,9.618791281E-002,3.045995720E-002
       363,3.200000000E+000,0.000000000E+000,7.890684530E-003
       364,3.204414594E+000,9.615446480E-002,2.972707525E-002
       365,3.300000000E+000,0.000000000E+000,7.905924693E-003
       366,3.303489486E+000,9.632009670E-002,2.885253727E-002
       367,3.400000000E+000,0.000000000E+000,7.920660079E-003
       368,3.402730168E+000,9.664606789E-002,2.776355110E-002
       369,3.500000000E+000,0.000000000E+000,7.934962399E-003
       370,3.502116257E+000,9.711039250E-002,2.643691003E-002
       371,3.600000000E+000,0.000000000E+000,7.948930375E-003
       372,3.601609344E+000,9.767585945E-002,2.494072914E-002
       373,3.700000000E+000,0.000000000E+000,7.964703254E-003
       374,3.701168960E+000,9.828841402E-002,2.349079587E-002
       375,3.800000000E+000,0.000000000E+000,7.975167595E-003
       376,3.800767209E+000,9.889227800E-002,2.262496389E-002
       377,3.900000000E+000,0.000000000E+000,1.078559551E-002
       378,3.900381304E+000,9.946409960E-002,2.444527112E-002
       379,4.000000000E+000,1.000000000E-001,2.644359507E-002
       380,7.800000000E-001,1.080000000E+000,1.565945190E-021
       381,7.801757159E-001,1.177155866E+000,1.253692890E-021
       382,8.800000000E-001,1.080000000E+000,1.564877489E-021
       383,8.797830562E-001,1.176937909E+000,1.251144099E-021
       384,9.800000000E-001,1.080000000E+000,1.563773235E-021
       385,9.796205748E-001,1.176810907E+000,1.249276884E-021
       386,1.080000000E+000,1.080000000E+000,1.562631116E-021
       387,1.079603603E+000,1.176754178E+000,1.247687651E-021
       388,1.180000000E+000,1.080000000E+000,1.561450627E-021
       389,1.179668475E+000,1.176763145E+000,1.246832198E-021
       390,1.280000000E+000,1.080000000E+000,1.560230656E-021
       391,1.279760866E+000,1.176831926E+000,1.246713149E-021
       392,1.380000000E+000,1.080000000E+000,1.559031083E-021
       393,1.379835142E+000,1.176944148E+000,1.247039195E-021
       394,1.480000000E+000,1.080000000E+000,1.556710696E-021
       395,1.479857236E+000,1.177071754E+000,1.247848301E-021
       396,1.580000000E+000,1.080000000E+000,7.774848494E-022
       397,1.579806999E+000,1.177180650E+000,1.251930789E-021
       398,1.680000000E+000,1.080000000E+000,0.000000000E+000
       399,1.679679214E+000,1.177242211E+000,1.452793336E-018
       400,1.780000000E+000,1.080000000E+000,0.000000000E+000
       401,1.779468086E+000,1.177235680E+000,6.624186859E-015
       402,1.880000000E+000,1.080000000E+000,0.000000000E+000
       403,1.879110761E+000,1.177141273E+000,1.613469636E-010
       404,1.980000000E+000,1.080000000E+000,1.832735870E-005
       405,1.978316249E+000,1.176929657E+000,4.866361110E-007
       406,2.080000000E+000,1.080000000E+000,3.862771764E-002
       407,2.076040960E+000,1.176581330E+000,1.596537768E-003
       408,2.169571093E+000,1.084039942E+000,4.131181538E-002
       409,2.168723032E+000,1.176317008E+000,4.687015899E-003
       410,2.080000000E+000,9.800000000E-001,7.840071619E-002
       411,2.171510233E+000,9.892217059E-001,7.810270041E-002
       412,2.080000000E+000,8.800000000E-001,7.939703017E-002
       413,2.173221351E+000,8.922254732E-001,7.928793877E-002
       414,2.080000000E+000,7.800000000E-001,7.913131267E-002
       415,2.174502681E+000,7.939791930E-001,7.863141596E-002
       416,2.080000000E+000,6.800000000E-001,7.855740935E-002
       417,2.175641120E+000,6.953145937E-001,7.845614851E-002
       418,2.080000000E+000,5.800000000E-001,7.110592723E-002
       419,2.177088350E+000,5.971189348E-001,7.220043242E-002
       420,2.081399967E+000,4.913026912E-001,9.153547138E-002
       421,2.179556702E+000,5.018902990E-001,9.135239571E-002
       422,1.980000000E+000,5.800000000E-001,6.371697783E-002
       423,1.981989922E+000,4.873575204E-001,9.161453694E-002
       424,1.880000000E+000,5.800000000E-001,6.168111414E-002
       425,1.882180889E+000,4.856525132E-001,9.044814110E-002
       426,1.780000000E+000,5.800000000E-001,5.773863196E-002
       427,1.782193467E+000,4.848722964E-001,8.756356686E-002
       428,1.680000000E+000,5.800000000E-001,5.251452699E-002
       429,1.682082700E+000,4.845137248E-001,8.359514177E-002
       430,1.580000000E+000,5.800000000E-001,4.632929713E-002
       431,1.581846441E+000,4.843642951E-001,7.893487066E-002
       432,1.480000000E+000,5.800000000E-001,3.956925496E-002
       433,1.481469377E+000,4.843261528E-001,7.396221161E-002
       434,1.380000000E+000,5.800000000E-001,3.301817179E-002
       435,1.380934112E+000,4.843587103E-001,6.926631927E-002
       436,1.280000000E+000,5.800000000E-001,2.817708440E-002
       437,1.280136211E+000,4.843587931E-001,6.590694934E-002
       438,1.180000000E+000,5.800000000E-001,2.638239413E-002
       439,1.178936081E+000,4.840061105E-001,6.470888108E-002
       440,1.080000000E+000,5.800000000E-001,2.631062083E-002
       441,1.077085552E+000,4.829519927E-001,6.480326504E-002
       442,9.800000000E-001,5.800000000E-001,2.619742043E-002
       443,9.740319153E-001,4.812218693E-001,6.435512751E-002
       444,8.800000000E-001,5.800000000E-001,2.631380595E-002
       445,8.696279090E-001,4.808975162E-001,6.585261226E-002
       446,7.800000000E-001,5.800000000E-001,1.325764880E-002
       447,7.745482960E-001,4.937057016E-001,2.915670723E-002
       448,6.800000000E-001,5.800000000E-001,1.340893778E-005
       449,6.864445019E-001,5.026828209E-001,9.690596016E-006
       450,5.800000000E-001,5.800000000E-001,1.340895960E-005
       451,5.996911320E-001,5.046234203E-001,8.506314542E-010
       452,4.987689913E-001,5.878139860E-001,7.203999064E-010
       453,5.153813151E-001,5.030273991E-001,9.267487888E-010
       454,5.800000000E-001,6.800000000E-001,2.206356278E-011
       455,4.915778557E-001,6.833838001E-001,2.286206977E-013
       456,5.800000000E-001,7.800000000E-001,0.000000000E+000
       457,4.880958533E-001,7.819233254E-001,2.349007386E-016
       458,5.800000000E-001,8.800000000E-001,0.000000000E+000
       459,4.863611083E-001,8.814548407E-001,4.061504371E-019
       460,5.800000000E-001,9.800000000E-001,0.000000000E+000
       461,4.855131578E-001,9.812228871E-001,1.276725003E-020
       462,4.852427443E-001,1.080787694E+000,3.782187627E-021
       463,4.857441751E-001,1.179562675E+000,1.580305841E-021
       464,5.832097558E-001,1.275959045E+000,5.166432579E-022
       465,4.858559497E-001,1.277801636E+000,4.256672240E-022
       466,6.814300629E-001,1.274843640E+000,5.374506570E-022
       467,0.000000000E+000,2.800000000E+000,0.000000000E+000
       468,1.009131813E-001,2.807549919E+000,0.000000000E+000
       469,0.000000000E+000,2.700000000E+000,0.000000000E+000
       470,1.094749424E-001,2.707911376E+000,0.000000000E+000
       471,0.000000000E+000,2.600000000E+000,0.000000000E+000
       472,1.162692808E-001,2.601707333E+000,0.000000000E+000
       473,0.000000000E+000,2.500000000E+000,0.000000000E+000
       474,1.201226554E-001,2.491497110E+000,0.000000000E+000
       475,0.000000000E+000,2.400000000E+000,0.000000000E+000
       476,1.124167223E-001,2.385656139E+000,0.000000000E+000
       477,0.000000000E+000,2.300000000E+000,0.000000000E+000
       478,1.057292298E-001,2.284660898E+000,0.000000000E+000
       479,0.000000000E+000,2.200000000E+000,0.000000000E+000
       480,1.015842242E-001,2.185652933E+000,5.605193857E-045
       481,0.000000000E+000,2.100000000E+000,0.000000000E+000
       482,9.919751181E-002,2.087139562E+000,4.245934347E-043
       483,0.000000000E+000,2.000000000E+000,0.000000000E+000
       484,9.783603061E-002,1.988589999E+000,1.474306114E-040
       485,0.000000000E+000,1.900000000E+000,0.000000000E+000
       486,9.706964278E-002,1.889871827E+000,5.400562243E-040
       487,0.000000000E+000,1.800000000E+000,0.000000000E+000
       488,9.668040221E-002,1.790976510E+000,2.337594082E-037
       489,0.000000000E+000,1.700000000E+000,0.000000000E+000
       490,9.656326062E-002,1.691919957E+000,6.085810335E-035
       491,0.000000000E+000,1.600000000E+000,0.000000000E+000
       492,9.665270311E-002,1.592716398E+000,5.963157945E-034
       493,0.000000000E+000,1.500000000E+000,0.000000000E+000
       494,9.688127348E-002,1.493374204E+000,5.549301355E-032
       495,0.000000000E+000,1.400000000E+000,0.000000000E+000
       496,9.717598480E-002,1.393893745E+000,1.740429037E-030
       497,0.000000000E+000,1.300000000E+000,0.000000000E+000
       498,9.747922021E-002,1.294262137E+000,2.450219082E-029
       499,0.000000000E+000,1.200000000E+000,0.000000000E+000
       500,9.777452722E-002,1.194466759E+000,2.619902448E-028
       501,0.000000000E+000,1.100000000E+000,0.000000000E+000
       502,9.809715998E-002,1.094512691E+000,2.778774672E-027
       503,0.000000000E+000,1.000000000E+000,0.000000000E+000
       504,9.853258618E-002,9.944385187E-001,3.677737949E-026
       505,0.000000000E+000,9.000000000E-001,0.000000000E+000
       506,9.919411315E-002,8.943323324E-001,2.267565881E-024
       507,0.000000000E+000,8.000000000E-001,0.000000000E+000
       508,1.002123956E-001,7.942997410E-001,2.773036197E-024
       509,0.000000000E+000,7.000000000E-001,0.000000000E+000
       510,1.017318555E-001,6.943946452E-001,3.004461197E-022
       511,0.000000000E+000,6.000000000E-001,0.000000000E+000
       512,1.038440538E-001,5.945326182E-001,3.076561064E-022
       513,0.000000000E+000,5.000000000E-001,0.000000000E+000
       514,1.063183367E-001,4.943610309E-001,0.000000000E+000
       515,0.000000000E+000,4.000000000E-001,0.000000000E+000
       516,1.081195811E-001,3.940394957E-001,0.000000000E+000
       517,0.000000000E+000,3.000000000E-001,0.000000000E+000
       518,1.067691814E-001,2.945171871E-001,0.000000000E+000
       519,0.000000000E+000,2.000000000E-001,0.000000000E+000
       520,1.045316648E-001,1.960092639E-001,2.944682482E-026
       521,4.000000000E+000,2.000000000E-001,5.457624421E-002
       522,3.900739414E+000,1.989543895E-001,5.398498848E-002
       523,4.000000000E+000,3.000000000E-001,8.273882419E-002
       524,3.901048194E+000,2.985072963E-001,8.369164914E-002
       525,4.000000000E+000,4.000000000E-001,1.071166843E-001
       526,3.901298363E+000,3.981382180E-001,1.104646176E-001
       527,4.000000000E+000,5.000000000E-001,1.252061129E-001
       528,3.901489839E+000,4.978410418E-001,1.302045882E-001
       529,4.000000000E+000,6.000000000E-001,1.346340626E-001
       530,3.901627910E+000,5.976044039E-001,1.391205788E-001
       531,4.000000000E+000,7.000000000E-001,1.385928839E-001
       532,3.901716830E+000,6.974121998E-001,1.415535510E-001
       533,4.000000000E+000,8.000000000E-001,1.399727762E-001
       534,3.901740934E+000,7.972375074E-001,1.413579583E-001
       535,4.000000000E+000,9.000000000E-001,1.400751173E-001
       536,3.901637601E+000,8.970412097E-001,1.401735991E-001
       537,4.000000000E+000,1.000000000E+000,1.393259168E-001
       538,3.901270458E+000,9.967856720E-001,1.382530034E-001
       539,4.000000000E+000,1.100000000E+000,1.379402280E-001
       540,3.900414292E+000,1.096504797E+000,1.359421164E-001
       541,4.000000000E+000,1.200000000E+000,1.361093521E-001
       542,3.898797724E+000,1.196438946E+000,1.335856169E-001
       543,4.000000000E+000,1.300000000E+000,1.262964755E-001
       544,3.896369226E+000,1.297161879E+000,1.172103360E-001
       545,4.000000000E+000,1.400000000E+000,1.011457145E-001
       546,3.894090856E+000,1.399362090E+000,8.379526436E-002
       547,4.000000000E+000,1.500000000E+000,7.071627676E-002
       548,3.894738761E+000,1.502452019E+000,5.385685340E-002
       549,4.000000000E+000,1.600000000E+000,4.845926911E-002
       550,3.896363137E+000,1.604627475E+000,3.583097085E-002
       551,4.000000000E+000,1.700000000E+000,3.552551940E-002
       552,3.897882868E+000,1.705662346E+000,2.610854059E-002
       553,4.000000000E+000,1.800000000E+000,2.778838761E-002
       554,3.898993498E+000,1.805846705E+000,2.048300765E-002
       555,4.000000000E+000,1.900000000E+000,2.269414440E-002
       556,3.899722293E+000,1.905511657E+000,1.684925333E-002
       557,4.000000000E+000,2.000000000E+000,1.903133653E-002
       558,3.900186426E+000,2.004909167E+000,1.426665019E-002
       559,4.000000000E+000,2.100000000E+000,1.622308791E-002
       560,3.900497151E+000,2.104204578E+000,1.230597496E-002
       561,4.000000000E+000,2.200000000E+000,1.397544891E-002
       562,3.900720454E+000,2.203494733E+000,1.076569129E-002
       563,4.000000000E+000,2.300000000E+000,1.212184224E-002
       564,3.900866826E+000,2.302829028E+000,9.492029436E-003
       565,4.000000000E+000,2.400000000E+000,1.057972573E-002
       566,3.900910070E+000,2.402230000E+000,8.465567604E-003
       567,4.000000000E+000,2.500000000E+000,9.199080057E-003
       568,3.900820461E+000,2.501706510E+000,7.432835642E-003
       569,4.000000000E+000,2.600000000E+000,6.471220404E-003
       570,3.900592259E+000,2.601256740E+000,4.546532407E-003
       571,4.000000000E+000,2.700000000E+000,2.248525154E-003
       572,3.900250788E+000,2.700873680E+000,1.163781388E-003
       573,4.000000000E+000,2.800000000E+000,6.972020492E-005
       574,3.899838114E+000,2.800547833E+000,7.025438390E-005
       575,4.000000000E+000,2.900000000E+000,6.403533916E-005
       576,3.899393746E+000,2.900261921E+000,6.452931120E-005
       577,3.898947368E+000,3.000000000E+000,6.167910760E-005
       578,3.797894737E+000,3.000000000E+000,6.188834959E-005
       579,3.798820739E+000,2.900514811E+000,6.540314644E-005
       580,3.696842105E+000,3.000000000E+000,6.206816033E-005
       581,3.698320426E+000,2.900743324E+000,6.611612480E-005
       582,3.595789474E+000,3.000000000E+000,6.222859520E-005
       583,3.597923361E+000,2.900916428E+000,6.672949530E-005
       584,3.494736842E+000,3.000000000E+000,6.237478374E-005
       585,3.497658092E+000,2.901008442E+000,6.726731954E-005
       586,3.393684211E+000,3.000000000E+000,6.251030572E-005
       587,3.397536377E+000,2.901011398E+000,6.773241330E-005
       588,3.292631579E+000,3.000000000E+000,6.263805699E-005
       589,3.297543521E+000,2.900938081E+000,6.811790809E-005
       590,3.191578947E+000,3.000000000E+000,6.276060594E-005
       591,3.197632874E+000,2.900813224E+000,6.840877177E-005
       592,3.090526316E+000,3.000000000E+000,6.285313430E-005
       593,3.097730364E+000,2.900660915E+000,6.858167762E-005
       594,2.989473684E+000,3.000000000E+000,6.275319174E-005
       595,2.997741054E+000,2.900491935E+000,6.844010932E-005
       596,2.888421053E+000,3.000000000E+000,6.223942910E-005
       597,2.897558575E+000,2.900298316E+000,6.765302533E-005
       598,2.787368421E+000,3.000000000E+000,6.108608795E-005
       599,2.797076569E+000,2.900053972E+000,6.578914326E-005
       600,2.686315790E+000,3.000000000E+000,5.889745080E-005
       601,2.696196336E+000,2.899710085E+000,6.225451216E-005
       602,2.585263158E+000,3.000000000E+000,5.455503560E-005
       603,2.594830796E+000,2.899205720E+000,5.609916116E-005
       604,2.484210526E+000,3.000000000E+000,4.665917368E-005
       605,2.492906359E+000,2.898517789E+000,4.472417277E-005
       606,2.383157895E+000,3.000000000E+000,4.151562098E-005
       607,2.390367653E+000,2.897744460E+000,3.611640204E-005
       608,2.282105263E+000,3.000000000E+000,4.114620970E-005
       609,2.287208694E+000,2.897152307E+000,3.592981739E-005
       610,7.191427586E-001,1.624416792E-001,1.560064871E-002
       611,7.988789000E-001,1.665938483E-001,5.136033893E-002
       612,6.427068354E-001,1.699378874E-001,4.558758064E-006
       613,6.447009861E-001,3.222940569E-001,0.000000000E+000
       614,5.870187157E-001,3.031055648E-001,0.000000000E+000
       615,6.254321030E-001,2.587463757E-001,0.000000000E+000
       616,1.584609909E+000,2.579529390E+000,0.000000000E+000
       617,1.585708867E+000,2.663959259E+000,0.000000000E+000
       618,1.585840826E+000,2.748183819E+000,0.000000000E+000
       619,1.585215277E+000,2.832237873E+000,0.000000000E+000
       620,2.293276223E+000,2.793804855E+000,2.781903095E-005
       621,2.301200732E+000,2.688889860E+000,2.481889169E-005
       622,2.312606449E+000,2.579703634E+000,2.453759771E-005
       623,2.333044769E+000,2.456295574E+000,2.331193355E-005
       624,2.299903479E+000,2.350841046E+000,2.292628233E-005
       625,2.286919784E+000,2.253524866E+000,2.297159517E-005
       626,2.280939057E+000,2.156450527E+000,2.285827759E-005
       627,2.278072608E+000,2.058376561E+000,2.252830382E-005
       628,2.276730497E+000,1.959487300E+000,2.147897067E-005
       629,2.276204746E+000,1.860236216E+000,1.941791743E-005
       630,2.276207399E+000,1.761078077E+000,1.626290941E-005
       631,2.276641067E+000,1.662379142E+000,1.455247093E-005
       632,2.277416660E+000,1.564216914E+000,3.140047920E-005
       633,2.177793176E+000,1.465882954E+000,2.601962478E-005
       634,2.278286401E+000,1.465396541E+000,1.183477943E-004
       635,2.078071087E+000,1.466521059E+000,3.023045792E-006
       636,1.978522602E+000,1.467049067E+000,1.752013312E-009
       637,1.878963763E+000,1.467373293E+000,6.992074020E-013
       638,1.779332531E+000,1.467497072E+000,2.133666597E-016
       639,1.679596423E+000,1.467460919E+000,3.535917622E-020
       640,1.579737781E+000,1.467319657E+000,1.345971437E-024
       641,1.479757030E+000,1.467130440E+000,1.990935830E-024
       642,1.379673723E+000,1.466945721E+000,8.893873239E-025
       643,1.279525477E+000,1.466810718E+000,3.084627084E-025
       644,1.179369580E+000,1.466760168E+000,1.085955906E-025
       645,1.079284659E+000,1.466806652E+000,8.492647243E-026
       646,9.793593055E-001,1.466940770E+000,7.208309582E-026
       647,8.796721180E-001,1.467168432E+000,5.964279016E-026
       648,7.802894107E-001,1.467567962E+000,4.735578545E-026
       649,6.812930187E-001,1.468343096E+000,3.510848262E-026
       650,5.828206010E-001,1.469858717E+000,2.292601429E-026
       651,4.850517478E-001,1.472608820E+000,1.138204722E-026
       652,3.871076344E-001,1.573698157E+000,3.913172771E-029
       653,3.877023050E-001,1.476504448E+000,3.052053924E-027
       654,3.867339109E-001,1.670331819E+000,1.154281732E-031
       655,3.867813175E-001,1.766487181E+000,1.818090506E-034
       656,3.872117086E-001,1.862255299E+000,1.813405231E-036
       657,3.880438451E-001,1.957615550E+000,5.975038561E-039
       658,3.893979815E-001,2.052388081E+000,2.289581561E-041
       659,3.914510145E-001,2.146156775E+000,1.835700988E-043
       660,3.943229907E-001,2.238166159E+000,0.000000000E+000
       661,3.973585774E-001,2.327318207E+000,0.000000000E+000
       662,3.968132529E-001,2.413533234E+000,0.000000000E+000
       663,3.706544602E-001,2.509636905E+000,0.000000000E+000
       664,4.686667673E-001,2.635874628E+000,0.000000000E+000
       665,3.535431085E-001,2.629037041E+000,0.000000000E+000
       666,5.783975483E-001,2.635499636E+000,0.000000000E+000
       667,6.855877580E-001,2.630807425E+000,0.000000000E+000
       668,7.910979581E-001,2.621772584E+000,0.000000000E+000
       669,8.931339061E-001,2.608818189E+000,0.000000000E+000
       670,9.919002432E-001,2.598808355E+000,0.000000000E+000
       671,1.090004259E+000,2.592021786E+000,0.000000000E+000
       672,1.188644985E+000,2.587388833E+000,0.000000000E+000
       673,1.287799338E+000,2.584315412E+000,0.000000000E+000
       674,1.386911006E+000,2.582076137E+000,0.000000000E+000
       675,1.485819850E+000,2.580535891E+000,0.000000000E+000
       676,3.801482584E+000,1.978328426E-001,5.452743173E-002
       677,3.802105668E+000,2.968912753E-001,8.736519516E-002
       678,3.802610155E+000,3.961017196E-001,1.184066013E-001
       679,3.802986695E+000,4.954499266E-001,1.401781142E-001
       680,3.803243863E+000,5.949267175E-001,1.465169191E-001
       681,3.803399840E+000,6.945115321E-001,1.448430717E-001
       682,3.803436392E+000,7.941282917E-001,1.409165114E-001
       683,3.803254844E+000,8.936571287E-001,1.371309608E-001
       684,3.802620962E+000,9.929649529E-001,1.322109848E-001
       685,3.801078848E+000,1.092018604E+000,1.281580776E-001
       686,3.797847846E+000,1.191180362E+000,1.252361089E-001
       687,3.791965011E+000,1.291811764E+000,9.529545158E-002
       688,3.784291824E+000,1.396878392E+000,4.980816320E-002
       689,3.787960858E+000,1.505406915E+000,2.760521322E-002
       690,3.792637327E+000,1.610286879E+000,1.765421592E-002
       691,3.796202836E+000,1.712256087E+000,1.292627584E-002
       692,3.798541343E+000,1.812436759E+000,1.033846382E-002
       693,3.799974647E+000,1.911617660E+000,8.712760173E-003
       694,3.800841293E+000,2.010298798E+000,7.588498294E-003
       695,3.801388766E+000,2.108785704E+000,6.731201429E-003
       696,3.801750216E+000,2.207258208E+000,6.156895775E-003
       697,3.801956267E+000,2.305820474E+000,5.618290044E-003
       698,3.801973454E+000,2.404535978E+000,4.489449318E-003
       699,3.801754370E+000,2.503438673E+000,3.449970391E-003
       700,3.801283078E+000,2.602518336E+000,1.640443923E-003
       701,3.800593673E+000,2.701744393E+000,7.840082253E-005
       702,3.799752180E+000,2.801091040E+000,7.175350765E-005
       703,1.487249520E+000,2.833232024E+000,0.000000000E+000
       704,1.388748237E+000,2.834722216E+000,0.000000000E+000
       705,1.290476605E+000,2.836682762E+000,0.000000000E+000
       706,1.193718485E+000,2.839126398E+000,0.000000000E+000
       707,1.101157297E+000,2.841964027E+000,0.000000000E+000
       708,1.018002711E+000,2.844996360E+000,0.000000000E+000
       709,9.546731813E-001,2.846743915E+000,0.000000000E+000
       710,9.241944799E-001,2.789255909E+000,0.000000000E+000
       711,5.819225360E-001,2.754391734E+000,0.000000000E+000
       712,6.927635021E-001,2.746476823E+000,0.000000000E+000
       713,4.678895737E-001,2.759457529E+000,0.000000000E+000
       714,3.386115395E-001,2.766539384E+000,0.000000000E+000
       715,2.686214192E-001,2.834822362E+000,0.000000000E+000
       716,1.949541616E-001,2.818804831E+000,0.000000000E+000
       717,2.199992033E-001,2.724040064E+000,0.000000000E+000
       718,2.363383958E-001,2.607929728E+000,0.000000000E+000
       719,2.561957102E-001,2.474621132E+000,0.000000000E+000
       720,2.217241506E-001,2.365068792E+000,0.000000000E+000
       721,2.078399002E-001,2.267210585E+000,0.000000000E+000
       722,2.009641250E-001,2.170982633E+000,2.242077543E-044
       723,1.972757094E-001,2.074492253E+000,6.005965218E-042
       724,1.951972522E-001,1.977484102E+000,4.936340087E-040
       725,1.940292915E-001,1.880033804E+000,4.191144137E-038
       726,1.934357330E-001,1.782234756E+000,2.858837847E-035
       727,1.932599358E-001,1.684139082E+000,1.200320011E-034
       728,1.934090985E-001,1.585765471E+000,5.586978300E-032
       729,1.937801446E-001,1.487120472E+000,1.491776735E-029
       730,1.942583987E-001,1.388207962E+000,3.185319128E-028
       731,1.947511609E-001,1.289007535E+000,3.814765708E-027
       732,1.952371005E-001,1.189514787E+000,2.952884478E-026
       733,1.957839251E-001,1.089748027E+000,2.168571972E-025
       734,1.965565256E-001,9.897741615E-001,2.325796437E-024
       735,1.977839827E-001,8.897331541E-001,1.548442323E-022
       736,1.997783230E-001,7.897905785E-001,9.545389619E-022
       737,2.029673717E-001,6.900408480E-001,3.246035084E-019
       738,2.078486457E-001,5.903843039E-001,9.428077443E-019
       739,2.144566844E-001,4.894625085E-001,6.562742413E-019
       740,2.099065610E-001,1.914597209E-001,0.000000000E+000
       741,2.155717742E-001,2.878649772E-001,0.000000000E+000
       742,3.158543163E-001,1.859620934E-001,0.000000000E+000
       743,4.209679501E-001,1.808553686E-001,0.000000000E+000
       744,5.455385657E-001,1.944812135E-001,0.000000000E+000
       745,8.882515013E-001,1.777223402E-001,8.197258413E-002
       746,9.857072963E-001,1.861768997E-001,9.492215514E-002
       747,1.086187967E+000,1.910928370E-001,1.014808863E-001
       748,1.187450661E+000,1.935076497E-001,1.043692306E-001
       749,1.288733204E+000,1.944966005E-001,1.052349433E-001
       750,1.389788955E+000,1.948205748E-001,1.051730588E-001
       751,1.490575410E+000,1.949333836E-001,1.047657654E-001
       752,1.591125976E+000,1.950496262E-001,1.041685641E-001
       753,1.691480975E+000,1.952840709E-001,1.034835726E-001
       754,1.791682506E+000,1.957657432E-001,1.028066501E-001
       755,1.891775329E+000,1.966989829E-001,1.022480875E-001
       756,1.991837678E+000,1.984085556E-001,1.019945592E-001
       757,2.092061985E+000,2.013557743E-001,1.024554297E-001
       758,2.192917526E+000,2.061135791E-001,1.039622575E-001
       759,2.295517883E+000,2.133867439E-001,1.068916097E-001
       760,2.402707786E+000,2.247061605E-001,1.126670837E-001
       761,2.524428193E+000,2.454306151E-001,1.247564852E-001
       762,2.629174019E+000,2.143553735E-001,9.936282039E-002
       763,2.725036842E+000,2.023867926E-001,9.006266296E-002
       764,2.820406744E+000,1.969257212E-001,8.525118232E-002
       765,2.916592173E+000,1.943011636E-001,8.236800134E-002
       766,3.013522020E+000,1.930654443E-001,8.027482033E-002
       767,3.110964330E+000,1.925838408E-001,7.839177549E-002
       768,3.208777965E+000,1.925691439E-001,7.635422796E-002
       769,3.306915172E+000,1.928972558E-001,7.387688756E-002
       770,3.405370900E+000,1.935221222E-001,7.073374838E-002
       771,3.504129709E+000,1.944150848E-001,6.683131307E-002
       772,3.603120527E+000,1.955004866E-001,6.234543398E-002
       773,3.702256961E+000,1.966770309E-001,5.784042552E-002
       774,3.699791186E+000,2.801571423E+000,7.362628821E-005
       775,3.600018956E+000,2.801950461E+000,7.536202611E-005
       776,3.500494254E+000,2.802182332E+000,7.695000386E-005
       777,3.401248967E+000,2.802249062E+000,7.835090219E-005
       778,3.302264545E+000,2.802171227E+000,7.951154839E-005
       779,3.203451765E+000,2.801990298E+000,8.035782230E-005
       780,3.104677551E+000,2.801747146E+000,8.079485269E-005
       781,3.005782331E+000,2.801461408E+000,8.067653835E-005
       782,2.906587907E+000,2.801116239E+000,7.959633513E-005
       783,2.806900481E+000,2.800647291E+000,7.632209599E-005
       784,2.706509989E+000,2.799933888E+000,6.973928976E-005
       785,2.605190642E+000,2.798817903E+000,5.956771565E-005
       786,2.502707614E+000,2.797196841E+000,4.311971134E-005
       787,2.398838092E+000,2.795243820E+000,2.898703679E-005
       788,5.093192014E-001,2.734451767E-001,0.000000000E+000
       789,3.263672198E-001,2.779029744E-001,2.546795790E-019
       790,4.207864902E-001,2.599813981E-001,1.945523114E-019
       791,5.605782600E-001,3.603501207E-001,6.887923565E-011
       792,4.871674251E-001,3.414344750E-001,7.645267205E-014
       793,6.284106981E-001,3.709929334E-001,4.948621027E-011
       794,6.868046612E-001,3.671291160E-001,7.825357898E-005
       795,8.764188492E-001,2.663482738E-001,1.821098477E-001
       796,7.803298157E-001,1.274193414E+000,5.352430077E-022
       797,8.797068068E-001,1.273814200E+000,5.318155901E-022
       798,9.794215371E-001,1.273594226E+000,5.296543889E-022
       799,1.079368480E+000,1.273487993E+000,5.282086404E-022
       800,1.179453686E+000,1.273484575E+000,5.278412457E-022
       801,1.279590729E+000,1.273575613E+000,5.290598528E-022
       802,1.379706750E+000,1.273737154E+000,5.323588818E-022
       803,1.479747619E+000,1.273928357E+000,5.386320047E-022
       804,1.579680640E+000,1.274099631E+000,1.033420509E-021
       805,1.679494755E+000,1.274202308E+000,1.838739577E-018
       806,1.779184805E+000,1.274188606E+000,7.620877399E-015
       807,1.878709072E+000,1.273999433E+000,3.222315817E-011
       808,1.977901807E+000,1.273522609E+000,6.656833307E-008
       809,2.076373953E+000,1.272470443E+000,1.563738188E-004
       810,2.173739243E+000,1.269975248E+000,6.979970494E-004
       811,2.254190448E+000,1.173679795E+000,7.944413461E-003
       812,2.272354054E+000,1.262845922E+000,1.793956035E-003
       813,2.256923488E+000,1.089556486E+000,4.110916331E-002
       814,2.262153006E+000,9.997132508E-001,7.820033282E-002
       815,2.266290637E+000,9.053855870E-001,7.906746119E-002
       816,2.269132360E+000,8.085834450E-001,7.762183994E-002
       817,2.271369237E+000,7.107182470E-001,7.726366818E-002
       818,2.273844174E+000,6.127523977E-001,7.195899636E-002
       819,2.277387325E+000,5.154018704E-001,9.122574329E-002
       820,2.183559492E+000,4.057203389E-001,1.629835367E-001
       821,2.282533587E+000,4.173015248E-001,1.610468775E-001
       822,2.084349739E+000,3.974316710E-001,1.651513129E-001
       823,1.984746158E+000,3.928598817E-001,1.664647758E-001
       824,1.884894725E+000,3.904698276E-001,1.664939970E-001
       825,1.784863201E+000,3.892546933E-001,1.659631878E-001
       826,1.684661869E+000,3.886597509E-001,1.651039571E-001
       827,1.584269582E+000,3.883954702E-001,1.640567631E-001
       828,1.483653630E+000,3.883115345E-001,1.629443020E-001
       829,1.382759896E+000,3.883148305E-001,1.619160175E-001
       830,1.281443074E+000,3.881372508E-001,1.612203866E-001
       831,1.179517479E+000,3.872050316E-001,1.614364386E-001
       832,1.076394358E+000,3.846483188E-001,1.634591818E-001
       833,9.697076530E-001,3.791404612E-001,1.683262438E-001
       834,8.489105903E-001,3.670916488E-001,2.004259825E-001
       835,7.627155680E-001,4.098489227E-001,7.993721962E-002
       836,6.889358500E-001,4.292841483E-001,3.045535414E-005
       837,6.145059897E-001,4.332614581E-001,2.862461379E-010
       838,5.364254243E-001,4.268133694E-001,3.324946707E-010
       839,4.254704542E-001,4.959837327E-001,3.178969674E-013
       840,4.518083544E-001,4.107603055E-001,2.265467544E-013
       841,4.085487062E-001,5.883834274E-001,1.674227163E-013
       842,3.993004415E-001,6.852554880E-001,8.715796312E-017
       843,3.943126651E-001,7.839885243E-001,8.918071088E-017
       844,3.916234637E-001,8.835178250E-001,4.121941546E-019
       845,3.901829928E-001,9.832705306E-001,1.303352868E-020
       846,3.894519639E-001,1.082861886E+000,3.440899288E-021
       847,3.891445266E-001,1.182004083E+000,9.757531356E-022
       848,3.888033537E-001,1.280684809E+000,1.786584915E-022
       849,4.856392492E-001,1.375632604E+000,3.799675714E-023
       850,3.883349425E-001,1.378898447E+000,1.066523772E-023
       851,5.833034950E-001,1.373255406E+000,6.112860435E-023
       852,6.815939510E-001,1.371818282E+000,6.636724030E-023
       853,2.827256820E+000,2.603834620E+000,1.082853487E-004
       854,2.924455012E+000,2.604456803E+000,1.027198596E-004
       855,3.021141819E+000,2.604870464E+000,9.364012658E-005
       856,3.117571349E+000,2.605194042E+000,9.463934839E-005
       857,3.213952986E+000,2.605447360E+000,9.414336819E-005
       858,3.310497488E+000,2.605593345E+000,9.217302431E-005
       859,3.407457058E+000,2.605565067E+000,8.946437447E-005
       860,3.505130652E+000,2.605275582E+000,9.073815454E-005
       861,3.604457445E+000,2.506411611E+000,3.536355216E-004
       862,3.603422221E+000,2.604622517E+000,1.413153659E-004
       863,3.604964038E+000,2.408694128E+000,9.121011244E-004
       864,3.605085793E+000,2.311665115E+000,1.385484240E-003
       865,3.604976038E+000,2.215073201E+000,1.723027206E-003
       866,3.604700412E+000,2.118712305E+000,2.258463763E-003
       867,3.604206054E+000,2.022405542E+000,2.553937957E-003
       868,3.603278821E+000,1.925934048E+000,3.022774123E-003
       869,3.601463219E+000,1.828960224E+000,3.844395978E-003
       870,3.597894501E+000,1.730937975E+000,4.813225474E-003
       871,3.590973886E+000,1.631045565E+000,6.532700732E-003
       872,3.578029710E+000,1.528635135E+000,1.091481838E-002
       873,3.464531140E+000,1.445127021E+000,1.556225494E-002
       874,3.557363693E+000,1.427248891E+000,1.951449551E-002
       875,3.373198431E+000,1.455453594E+000,1.266901568E-002
       876,3.281269231E+000,1.461184087E+000,1.068429649E-002
       877,3.188711063E+000,1.464621811E+000,9.294850752E-003
       878,3.095761276E+000,1.467128897E+000,8.196907118E-003
       879,3.002719593E+000,1.469748998E+000,7.147348952E-003
       880,2.910084579E+000,1.473482156E+000,5.932927132E-003
       881,2.819005403E+000,1.479436710E+000,4.337002523E-003
       882,2.732071903E+000,1.488518312E+000,2.118023811E-003
       883,2.653332893E+000,1.498402281E+000,7.742368034E-004
       884,2.572549529E+000,1.487199215E+000,4.228423932E-004
       885,2.473708867E+000,1.569203224E+000,1.381561306E-004
       886,2.479737730E+000,1.475044377E+000,3.465388727E-004
       887,2.471120946E+000,1.663255203E+000,6.998040044E-005
       888,2.469961470E+000,1.758421301E+000,4.874813021E-005
       889,2.469555908E+000,1.854293009E+000,4.161309334E-005
       890,2.469667668E+000,1.950298881E+000,3.865425242E-005
       891,2.470279823E+000,2.045802750E+000,3.716185893E-005
       892,2.471470201E+000,2.139962369E+000,3.629605271E-005
       893,2.473161216E+000,2.231532816E+000,3.556564116E-005
       894,2.474408107E+000,2.318807394E+000,3.407355689E-005
       895,2.471310731E+000,2.400657720E+000,3.209568240E-005
       896,2.443746862E+000,2.487426455E+000,3.049511542E-005
       897,2.423500290E+000,2.588844063E+000,2.923550892E-005
       898,2.514266975E+000,2.696115019E+000,4.549442383E-005
       899,2.409415568E+000,2.692170399E+000,2.789070641E-005
       900,2.616747825E+000,2.699021781E+000,6.530755491E-005
       901,2.717459904E+000,2.700833612E+000,7.964659744E-005
       902,2.872533496E+000,1.282688528E+000,3.347747400E-002
       903,2.968967779E+000,1.278074801E+000,3.678479418E-002
       904,3.063480204E+000,1.275237474E+000,3.914571181E-002
       905,3.157071246E+000,1.273087067E+000,4.104078189E-002
       906,3.249927354E+000,1.270864264E+000,4.279193655E-002
       907,3.341782725E+000,1.268042199E+000,4.438661784E-002
       908,3.431923588E+000,1.264288059E+000,4.544517025E-002
       909,3.518952195E+000,1.260256791E+000,4.540468380E-002
       910,3.605453512E+000,1.174190338E+000,5.304400250E-002
       911,3.601352786E+000,1.259794970E+000,4.270297661E-002
       912,3.606439960E+000,1.081174928E+000,5.460266396E-002
       913,3.606744692E+000,9.845701564E-001,7.551123202E-002
       914,3.606848259E+000,8.862342643E-001,9.689276665E-002
       915,3.606839785E+000,7.871305255E-001,1.120474488E-001
       916,3.606744051E+000,6.878004693E-001,1.336952597E-001
       917,3.606549942E+000,5.886307455E-001,1.495350003E-001
       918,3.606197957E+000,4.899678629E-001,1.568578482E-001
       919,3.507287423E+000,3.893917984E-001,1.457108706E-001
       920,3.605495260E+000,3.915785336E-001,1.373210102E-001
       921,3.409621935E+000,3.875692936E-001,1.523846835E-001
       922,3.312803360E+000,3.864744028E-001,1.571680307E-001
       923,3.216579175E+000,3.859043679E-001,1.605339944E-001
       924,3.120782131E+000,3.857378327E-001,1.630642563E-001
       925,3.025398311E+000,3.859334313E-001,1.651946455E-001
       926,2.930649230E+000,3.864790251E-001,1.672522724E-001
       927,2.837122240E+000,3.873105890E-001,1.694973111E-001
       928,2.745924763E+000,3.880982341E-001,1.721040606E-001
       929,2.658714946E+000,3.876554577E-001,1.747082621E-001
       930,2.576667489E+000,3.821999858E-001,1.791202426E-001
       931,2.477484889E+000,4.504734429E-001,1.602986902E-001
       932,2.491330123E+000,3.528318932E-001,1.834995151E-001
       933,2.470666896E+000,5.478341447E-001,9.781771153E-002
       934,2.466875208E+000,6.458105159E-001,7.882686704E-002
       935,2.464200372E+000,7.441562674E-001,7.835926116E-002
       936,2.461193177E+000,8.423805974E-001,7.912974805E-002
       937,2.456177749E+000,9.400193687E-001,8.069514483E-002
       938,2.446552773E+000,1.036957585E+000,5.496411026E-002
       939,2.427130512E+000,1.134453354E+000,1.850337535E-002
       940,2.383452929E+000,1.239266851E+000,4.729419481E-003
       941,2.492309496E+000,1.377962666E+000,1.210555900E-003
       942,2.383818168E+000,1.362568325E+000,7.930484135E-004
       943,2.589346426E+000,1.402992485E+000,1.449267729E-003
       944,1.487316852E+000,2.665232974E+000,0.000000000E+000
       945,1.487509758E+000,2.749468647E+000,0.000000000E+000
       946,2.381748894E+000,2.238476480E+000,2.261528971E-005
       947,2.389667910E+000,2.322795619E+000,2.295128797E-005
       948,2.377249071E+000,2.146606145E+000,2.253721505E-005
       949,2.374834986E+000,2.051370078E+000,2.263976057E-005
       950,2.373655249E+000,1.954567303E+000,2.279460205E-005
       951,2.373260738E+000,1.857156340E+000,2.324148954E-005
       952,2.373496440E+000,1.759745868E+000,2.533448787E-005
       953,2.374434073E+000,1.662676513E+000,3.530079994E-005
       954,2.376336506E+000,1.565738119E+000,7.978163194E-005
       955,2.379565617E+000,1.467222776E+000,2.421665413E-004
       956,2.277774055E+000,1.364584534E+000,4.669525370E-004
       957,2.176636180E+000,1.367481505E+000,1.293241367E-004
       958,2.077278850E+000,1.369227291E+000,2.021149157E-005
       959,1.978092033E+000,1.370178697E+000,1.033538499E-008
       960,1.878728973E+000,1.370661019E+000,4.224938975E-012
       961,1.779185886E+000,1.370850969E+000,1.198834529E-015
       962,1.679492059E+000,1.370849083E+000,4.261263577E-019
       963,1.579660108E+000,1.370726455E+000,1.736201947E-022
       964,1.479699852E+000,1.370543808E+000,7.134528078E-023
       965,1.379632675E+000,1.370356284E+000,6.580266833E-023
       966,1.279498630E+000,1.370212946E+000,6.288672919E-023
       967,1.179359072E+000,1.370150619E+000,6.194545404E-023
       968,1.079295068E+000,1.370185418E+000,6.200478901E-023
       969,9.793972799E-001,1.370318887E+000,6.239484601E-023
       970,8.797538080E-001,1.370568846E+000,6.317484643E-023
       971,7.804516721E-001,1.371012037E+000,6.442827699E-023
       972,2.321747559E+000,1.165922453E+000,9.081929922E-003
       973,2.339770429E+000,1.099431403E+000,2.994322777E-002
       974,2.352282054E+000,1.013951584E+000,6.594472378E-002
       975,2.359870872E+000,9.208710326E-001,7.915560156E-002
       976,2.364392482E+000,8.246035792E-001,7.665760070E-002
       977,2.367511205E+000,7.269961980E-001,7.549379021E-002
       978,2.370586293E+000,6.290071222E-001,7.261013985E-002
       979,2.374834416E+000,5.310671872E-001,9.277793020E-002
       980,2.381438155E+000,4.325711982E-001,1.596113443E-001
       981,2.289437375E+000,3.172668596E-001,1.813645214E-001
       982,2.391365935E+000,3.317508368E-001,1.826252192E-001
       983,2.188468002E+000,3.073015983E-001,1.812773049E-001
       984,2.088209358E+000,3.005764717E-001,1.815320700E-001
       985,1.988195283E+000,2.964748684E-001,1.816927940E-001
       986,1.888194718E+000,2.941363652E-001,1.819552779E-001
       987,1.788103900E+000,2.928700397E-001,1.826629341E-001
       988,1.687867803E+000,2.922194866E-001,1.836163998E-001
       989,1.587443568E+000,2.919110647E-001,1.846321672E-001
       990,1.486788968E+000,2.917845636E-001,1.855616122E-001
       991,1.385842725E+000,2.916900265E-001,1.862411052E-001
       992,1.284528957E+000,2.913002321E-001,1.864501685E-001
       993,1.182805687E+000,2.899991913E-001,1.862505078E-001
       994,1.080586675E+000,2.867812550E-001,1.857612133E-001
       995,9.778130675E-001,2.799963871E-001,1.836822480E-001
       996,7.351817372E-001,3.427315498E-001,2.191284150E-001
       997,3.703209420E+000,2.951858261E-001,9.362146258E-002
       998,3.703972500E+000,3.939174239E-001,1.278930455E-001
       999,3.704518171E+000,4.928261291E-001,1.494248807E-001
      1000,3.704857704E+000,5.919370589E-001,1.502521932E-001
      1001,3.705051859E+000,6.912709182E-001,1.424778700E-001
      1002,3.705108315E+000,7.906663375E-001,1.332630366E-001
      1003,3.704950948E+000,8.898752676E-001,1.274616867E-001
      1004,3.704358060E+000,9.885708237E-001,1.074099317E-001
      1005,3.702787269E+000,1.086387515E+000,8.674184978E-002
      1006,3.698855305E+000,1.183224084E+000,8.210726827E-002
      1007,3.688770536E+000,1.280569545E+000,5.758863315E-002
      1008,3.660259787E+000,1.388485214E+000,2.763460949E-002
      1009,3.679583203E+000,1.511125798E+000,1.553120371E-002
      1010,3.689812649E+000,1.618391554E+000,1.012579445E-002
      1011,3.695766888E+000,1.720476082E+000,7.536301855E-003
      1012,3.699185450E+000,1.820095920E+000,6.116514094E-003
      1013,3.701110390E+000,1.918454156E+000,5.185013637E-003
      1014,3.702195961E+000,2.016199431E+000,4.627652001E-003
      1015,3.702829797E+000,2.113708901E+000,4.034208599E-003
      1016,3.703205745E+000,2.211211873E+000,3.423370887E-003
      1017,3.703377890E+000,2.308863227E+000,3.051119857E-003
      1018,3.703310651E+000,2.406788548E+000,1.917643356E-003
      1019,3.702930860E+000,2.505079697E+000,8.610308287E-004
      1020,3.702193250E+000,2.603694286E+000,4.231656785E-004
      1021,3.701124378E+000,2.702540365E+000,7.862678467E-005
      1022,3.522185687E-001,3.760543415E-001,1.337344669E-017
      1023,4.248285964E-001,3.210851542E-001,2.255459935E-019
      1024,3.250126882E-001,4.865023792E-001,1.415783411E-016
      1025,3.108457145E-001,5.875523018E-001,1.135306185E-016
      1026,3.027424988E-001,6.871426366E-001,1.185008089E-018
      1027,2.980480368E-001,7.866718627E-001,8.654850720E-019
      1028,2.953375249E-001,8.864306130E-001,2.689105404E-022
      1029,2.937756936E-001,9.862842550E-001,1.387769153E-022
      1030,2.928625667E-001,1.086017973E+000,2.217860189E-023
      1031,2.922785013E-001,1.185458030E+000,4.379979388E-024
      1032,2.917658003E-001,1.284539855E+000,6.330985445E-025
      1033,2.912308057E-001,1.383235830E+000,2.794271667E-026
      1034,2.892276950E+000,1.379979801E+000,1.510543004E-002
      1035,2.799638076E+000,1.389074309E+000,1.142018195E-002
      1036,2.985915669E+000,1.374833546E+000,1.756933890E-002
      1037,3.079426718E+000,1.371535484E+000,1.947203465E-002
      1038,3.172516840E+000,1.368759611E+000,2.120041847E-002
      1039,3.264896243E+000,1.365396674E+000,2.305514365E-002
      1040,3.355990053E+000,1.360662724E+000,2.525380254E-002
      1041,3.444479830E+000,1.353231856E+000,2.786234394E-002
      1042,3.526611836E+000,1.342046697E+000,3.060774878E-002
      1043,3.591512032E+000,1.326548514E+000,3.176777065E-002
      1044,2.816901447E+000,2.701903334E+000,8.993365918E-005
      1045,2.915477183E+000,2.702557008E+000,9.347009473E-005
      1046,3.013501107E+000,2.703004730E+000,9.323593986E-005
      1047,3.111221986E+000,2.703349935E+000,9.281002713E-005
      1048,3.208851189E+000,2.703617310E+000,9.155182488E-005
      1049,3.306581934E+000,2.703781997E+000,8.950887423E-005
      1050,3.404595768E+000,2.703794982E+000,8.701231127E-005
      1051,3.503036562E+000,2.703603852E+000,8.426777640E-005
      1052,3.601902775E+000,2.703175106E+000,8.140251884E-005
      1053,2.712889445E+000,1.406629959E+000,4.866059870E-003
      1054,2.652843352E+000,1.438113128E+000,1.423776499E-003
      1055,3.604431414E+000,2.934803666E-001,1.006638184E-001
      1056,3.505892658E+000,2.918999631E-001,1.072549373E-001
      1057,3.407738712E+000,2.905978157E-001,1.127273887E-001
      1058,3.310089156E+000,2.897171318E-001,1.169240773E-001
      1059,3.212896529E+000,2.892484363E-001,1.200846806E-001
      1060,3.116115433E+000,2.891878543E-001,1.225803643E-001
      1061,3.019808866E+000,2.895966374E-001,1.247819290E-001
      1062,2.924272061E+000,2.906455143E-001,1.270711273E-001
      1063,2.830244733E+000,2.926969551E-001,1.299539059E-001
      1064,2.739430261E+000,2.964756249E-001,1.343155354E-001
      1065,2.656067959E+000,3.033353699E-001,1.420853734E-001
      1066,2.590781366E+000,3.151180298E-001,1.517619640E-001
      1067,2.906860720E-001,1.481518436E+000,1.168017650E-028
      1068,2.902501804E-001,1.579427380E+000,1.203665214E-029
      1069,2.900557859E-001,1.676934975E+000,8.230884178E-033
      1070,2.902204317E-001,1.774057460E+000,9.437109717E-035
      1071,2.908091261E-001,1.870800753E+000,6.686866231E-037
      1072,2.919524028E-001,1.967088524E+000,1.473186477E-039
      1073,2.939496934E-001,2.062683198E+000,1.693048805E-041
      1074,2.972306992E-001,2.157027398E+000,9.809089250E-044
      1075,3.028167157E-001,2.248766791E+000,0.000000000E+000
      1076,3.121439121E-001,2.333976082E+000,0.000000000E+000
      1077,3.266608038E-001,2.401759928E+000,0.000000000E+000
      1078,8.034606816E-001,2.731369798E+000,0.000000000E+000
      1079,9.054178831E-001,2.703496421E+000,0.000000000E+000
      1080,1.000013978E+000,2.688011043E+000,0.000000000E+000
      1081,1.094832730E+000,2.679111044E+000,0.000000000E+000
      1082,1.191645529E+000,2.673231702E+000,0.000000000E+000
      1083,1.289962150E+000,2.669751778E+000,0.000000000E+000
      1084,1.388473051E+000,2.667054101E+000,0.000000000E+000
      1085,2.402621809E+000,2.388277897E+000,2.304673581E-005
      1086,1.388926423E+000,2.751269272E+000,0.000000000E+000
      1087,1.290656942E+000,2.753773258E+000,0.000000000E+000
      1088,1.193556598E+000,2.757270472E+000,0.000000000E+000
      1089,1.099222243E+000,2.762375156E+000,0.000000000E+000
      1090,1.009769047E+000,2.770890951E+000,0.000000000E+000
      1091,2.211310989E-001,3.872866679E-001,0.000000000E+000
