nodenumber,    x-coordinate,    y-coordinate,            c2h6
         1,7.100000000E-001,3.000000000E-001,5.000862479E-001
         2,6.850858620E-001,3.238342004E-001,3.476961501E-005
         3,6.856125011E-001,3.056513156E-001,1.689236160E-005
         4,7.000000000E-001,3.000000000E-001,8.624242037E-005
         5,7.100000000E-001,2.800000000E-001,5.050600767E-001
         6,7.236791771E-001,2.305009119E-001,5.218080431E-002
         7,7.903931993E-001,2.408555716E-001,1.700682789E-001
         8,7.687291603E-001,3.020279623E-001,3.780303597E-001
         9,7.000000000E-001,2.800000000E-001,5.060055293E-003
        10,6.764162816E-001,2.362815490E-001,4.555651321E-005
        11,6.671475470E-001,2.913394410E-001,0.000000000E+000
        12,1.780000000E+000,2.494285714E+000,0.000000000E+000
        13,1.681517864E+000,2.494520771E+000,0.000000000E+000
        14,1.680000000E+000,2.410000000E+000,0.000000000E+000
        15,1.780000000E+000,2.578571429E+000,0.000000000E+000
        16,1.682649631E+000,2.578925679E+000,0.000000000E+000
        17,1.780000000E+000,2.662857143E+000,0.000000000E+000
        18,1.683253420E+000,2.663221486E+000,0.000000000E+000
        19,1.780000000E+000,2.747142857E+000,0.000000000E+000
        20,1.683304013E+000,2.747452798E+000,0.000000000E+000
        21,1.780000000E+000,2.831428571E+000,0.000000000E+000
        22,1.682886328E+000,2.831651215E+000,0.000000000E+000
        23,1.780000000E+000,2.915714286E+000,0.000000000E+000
        24,1.682130642E+000,2.915822261E+000,0.000000000E+000
        25,1.681111111E+000,3.000000000E+000,0.000000000E+000
        26,2.753750000E+000,1.080000000E+000,8.625151217E-002
        27,2.757800583E+000,1.184157553E+000,6.642581522E-002
        28,2.650383590E+000,1.183717388E+000,6.350906938E-002
        29,2.660000000E+000,1.080000000E+000,9.490349889E-002
        30,2.753750000E+000,2.410000000E+000,5.446180512E-005
        31,2.741416988E+000,2.505899641E+000,4.808917220E-005
        32,2.644030787E+000,2.504213767E+000,4.156469731E-005
        33,2.660000000E+000,2.410000000E+000,4.764852201E-005
        34,2.080000000E+000,2.896923077E+000,1.440085271E-005
        35,2.183600715E+000,2.896948020E+000,1.376850742E-005
        36,2.181052632E+000,3.000000000E+000,1.563062688E-005
        37,2.080000000E+000,2.793846154E+000,1.267881999E-005
        38,2.186660160E+000,2.793568969E+000,1.080737093E-005
        39,2.080000000E+000,2.690769231E+000,1.157729548E-005
        40,2.190469218E+000,2.689299070E+000,9.329336535E-006
        41,2.080000000E+000,2.587692308E+000,1.088248155E-005
        42,2.194953111E+000,2.583215536E+000,8.644172340E-006
        43,2.080000000E+000,2.484615385E+000,1.036965023E-005
        44,2.198645940E+000,2.474412107E+000,8.040939065E-006
        45,2.080000000E+000,2.381538461E+000,9.866235814E-006
        46,2.191224313E+000,2.369016531E+000,7.439758065E-006
        47,2.080000000E+000,2.278461539E+000,9.302301805E-006
        48,2.185022393E+000,2.267129089E+000,6.901316738E-006
        49,2.080000000E+000,2.175384615E+000,8.678985068E-006
        50,2.181445824E+000,2.166334234E+000,6.336993920E-006
        51,2.080000000E+000,2.072307692E+000,7.999632544E-006
        52,2.179610975E+000,2.065523334E+000,5.654638244E-006
        53,2.080000000E+000,1.969230769E+000,7.272527000E-006
        54,2.178731126E+000,1.964466470E+000,4.919676030E-006
        55,2.080000000E+000,1.866153846E+000,6.521082014E-006
        56,2.178351504E+000,1.863298984E+000,4.673885996E-006
        57,2.080000000E+000,1.763076923E+000,4.571392310E-006
        58,2.178249395E+000,1.762322300E+000,3.822653980E-006
        59,2.080000000E+000,1.660000000E+000,1.499648761E-006
        60,2.178272577E+000,1.662064844E+000,2.133606813E-006
        61,2.078781499E+000,1.563555617E+000,2.955752336E-007
        62,2.178081724E+000,1.563876940E+000,3.521952976E-006
        63,1.980000000E+000,1.660000000E+000,6.902388383E-011
        64,1.979124271E+000,1.563680529E+000,1.890298057E-010
        65,1.880000000E+000,1.660000000E+000,0.000000000E+000
        66,1.879392702E+000,1.563821318E+000,8.015985065E-014
        67,1.780000000E+000,1.660000000E+000,0.000000000E+000
        68,1.779618311E+000,1.563874084E+000,2.709420170E-017
        69,1.680000000E+000,1.660000000E+000,0.000000000E+000
        70,1.679782640E+000,1.563834717E+000,0.000000000E+000
        71,1.580000000E+000,1.660000000E+000,2.149174622E-025
        72,1.579869171E+000,1.563732311E+000,1.665812527E-024
        73,1.480000000E+000,1.660000000E+000,2.400146282E-025
        74,1.479876414E+000,1.563603606E+000,1.998833905E-024
        75,1.380000000E+000,1.660000000E+000,2.635203721E-026
        76,1.379816948E+000,1.563481873E+000,3.738924589E-025
        77,1.280000000E+000,1.660000000E+000,1.262604620E-027
        78,1.279713967E+000,1.563394229E+000,4.483633011E-026
        79,1.180000000E+000,1.660000000E+000,1.247124425E-029
        80,1.179601731E+000,1.563363030E+000,2.315663824E-027
        81,1.080000000E+000,1.660000000E+000,7.400710060E-030
        82,1.079529783E+000,1.563398102E+000,8.298233166E-028
        83,9.800000000E-001,1.660000000E+000,4.016821807E-030
        84,9.795579064E-001,1.563489052E+000,4.657506236E-028
        85,8.800000000E-001,1.660000000E+000,2.042584875E-030
        86,8.797380029E-001,1.563631490E+000,2.587114213E-028
        87,7.800000000E-001,1.660000000E+000,9.176057485E-031
        88,7.801111495E-001,1.563879361E+000,1.472820017E-028
        89,6.800000000E-001,1.660000000E+000,2.359393486E-031
        90,6.807459911E-001,1.564412059E+000,9.416473351E-029
        91,5.800000000E-001,1.660000000E+000,0.000000000E+000
        92,5.818562237E-001,1.565676399E+000,7.726297093E-029
        93,4.834779748E-001,1.664623905E+000,2.518533322E-031
        94,4.842292519E-001,1.568962833E+000,6.884585059E-029
        95,5.800000000E-001,1.753750000E+000,0.000000000E+000
        96,4.833753413E-001,1.759715382E+000,4.796477966E-034
        97,5.800000000E-001,1.847500000E+000,0.000000000E+000
        98,4.835741590E-001,1.854509307E+000,5.581295463E-036
        99,5.800000000E-001,1.941250000E+000,0.000000000E+000
       100,4.839912204E-001,1.949061242E+000,4.028143419E-038
       101,5.800000000E-001,2.035000000E+000,0.000000000E+000
       102,4.846355171E-001,2.043308161E+000,5.701771347E-040
       103,5.800000000E-001,2.128750000E+000,0.000000000E+000
       104,4.855403833E-001,2.137079634E+000,2.037487967E-041
       105,5.800000000E-001,2.222500000E+000,0.000000000E+000
       106,4.866220792E-001,2.230159242E+000,9.080414049E-043
       107,5.800000000E-001,2.316250000E+000,0.000000000E+000
       108,4.872641311E-001,2.322659572E+000,3.363116314E-044
       109,5.800000000E-001,2.410000000E+000,0.000000000E+000
       110,4.854315502E-001,2.416524385E+000,1.401298464E-045
       111,5.788273687E-001,2.521328204E+000,0.000000000E+000
       112,4.758670859E-001,2.520558960E+000,0.000000000E+000
       113,6.800000000E-001,2.410000000E+000,0.000000000E+000
       114,6.817993399E-001,2.519494449E+000,0.000000000E+000
       115,7.800000000E-001,2.410000000E+000,0.000000000E+000
       116,7.841807523E-001,2.515607363E+000,0.000000000E+000
       117,8.800000000E-001,2.410000000E+000,0.000000000E+000
       118,8.853825655E-001,2.510319475E+000,0.000000000E+000
       119,9.800000000E-001,2.410000000E+000,0.000000000E+000
       120,9.853946441E-001,2.505592407E+000,0.000000000E+000
       121,1.080000000E+000,2.410000000E+000,0.000000000E+000
       122,1.084976013E+000,2.502033567E+000,0.000000000E+000
       123,1.180000000E+000,2.410000000E+000,0.000000000E+000
       124,1.184622710E+000,2.499473175E+000,0.000000000E+000
       125,1.280000000E+000,2.410000000E+000,0.000000000E+000
       126,1.284358891E+000,2.497671812E+000,0.000000000E+000
       127,1.380000000E+000,2.410000000E+000,0.000000000E+000
       128,1.383974927E+000,2.496359460E+000,0.000000000E+000
       129,1.480000000E+000,2.410000000E+000,0.000000000E+000
       130,1.483390220E+000,2.495448343E+000,0.000000000E+000
       131,1.580000000E+000,2.410000000E+000,0.000000000E+000
       132,1.582583142E+000,2.494861175E+000,0.000000000E+000
       133,2.847500000E+000,1.080000000E+000,8.694441617E-002
       134,2.857735765E+000,1.181622316E+000,6.832016259E-002
       135,2.941250000E+000,1.080000000E+000,8.839360625E-002
       136,2.954004855E+000,1.179472868E+000,7.086768746E-002
       137,3.035000000E+000,1.080000000E+000,9.078150243E-002
       138,3.048645501E+000,1.177966436E+000,7.358418405E-002
       139,3.128750000E+000,1.080000000E+000,8.942454308E-002
       140,3.142526594E+000,1.176840111E+000,7.364515960E-002
       141,3.222500000E+000,1.080000000E+000,7.059720159E-002
       142,3.235951876E+000,1.175788434E+000,6.417817622E-002
       143,3.316250000E+000,1.080000000E+000,4.646446183E-002
       144,3.328961254E+000,1.174586895E+000,5.279590562E-002
       145,3.410000000E+000,1.080000000E+000,5.231882259E-002
       146,3.421606820E+000,1.173193169E+000,5.435625464E-002
       147,3.510142887E+000,1.078890560E+000,6.460321695E-002
       148,3.514405317E+000,1.172153181E+000,6.087944284E-002
       149,3.410000000E+000,9.800000000E-001,6.781683862E-002
       150,3.508937577E+000,9.817277156E-001,7.119807601E-002
       151,3.410000000E+000,8.800000000E-001,7.035092264E-002
       152,3.508610329E+000,8.829582219E-001,7.443703711E-002
       153,3.410000000E+000,7.800000000E-001,7.114347070E-002
       154,3.508495233E+000,7.835747007E-001,8.464495838E-002
       155,3.410000000E+000,6.800000000E-001,9.696841240E-002
       156,3.508411191E+000,6.840656191E-001,1.121684685E-001
       157,3.410000000E+000,5.800000000E-001,1.401443034E-001
       158,3.508296886E+000,5.848725287E-001,1.448359489E-001
       159,3.410675073E+000,4.843641699E-001,1.655949801E-001
       160,3.508138013E+000,4.870166869E-001,1.623365879E-001
       161,3.316250000E+000,5.800000000E-001,1.562473178E-001
       162,3.314907066E+000,4.833129451E-001,1.672258079E-001
       163,3.222500000E+000,5.800000000E-001,1.541568041E-001
       164,3.219781525E+000,4.828454334E-001,1.680923998E-001
       165,3.128750000E+000,5.800000000E-001,1.521777660E-001
       166,3.124982324E+000,4.826820460E-001,1.685260087E-001
       167,3.035000000E+000,5.800000000E-001,1.501700431E-001
       168,3.030422532E+000,4.827255533E-001,1.687324047E-001
       169,2.941250000E+000,5.800000000E-001,1.478847414E-001
       170,2.936178497E+000,4.828924369E-001,1.688195318E-001
       171,2.847500000E+000,5.800000000E-001,1.450001597E-001
       172,2.842516810E+000,4.829806726E-001,1.688924432E-001
       173,2.753750000E+000,5.800000000E-001,1.409792006E-001
       174,2.749876187E+000,4.823724716E-001,1.691391170E-001
       175,2.660000000E+000,5.800000000E-001,1.238644421E-001
       176,2.658651652E+000,4.792361368E-001,1.691300720E-001
       177,2.565102288E+000,5.646916777E-001,1.130808443E-001
       178,2.568581600E+000,4.689230628E-001,1.669232398E-001
       179,2.660000000E+000,6.800000000E-001,1.075726599E-001
       180,2.563112987E+000,6.629566658E-001,9.698498994E-002
       181,2.660000000E+000,7.800000000E-001,1.055001169E-001
       182,2.561619289E+000,7.619563550E-001,9.379839152E-002
       183,2.660000000E+000,8.800000000E-001,1.049946621E-001
       184,2.559717597E+000,8.610945098E-001,9.327211231E-002
       185,2.660000000E+000,9.800000000E-001,1.043908447E-001
       186,2.556254263E+000,9.602463267E-001,9.313010424E-002
       187,2.549406486E+000,1.059951984E+000,7.732011378E-002
       188,2.535312758E+000,1.162483078E+000,4.109545052E-002
       189,2.649212114E+000,1.310526273E+000,1.581756212E-002
       190,2.515219091E+000,1.271866797E+000,9.258736856E-003
       191,2.770777700E+000,1.291185440E+000,3.029767238E-002
       192,2.847500000E+000,2.410000000E+000,6.868342462E-005
       193,2.837568736E+000,2.506633191E+000,5.446391879E-005
       194,2.941250000E+000,2.410000000E+000,8.061809058E-005
       195,2.933116361E+000,2.507008421E+000,5.420735033E-005
       196,3.035000000E+000,2.410000000E+000,9.538672748E-005
       197,3.028348573E+000,2.507252463E+000,5.748980766E-005
       198,3.128750000E+000,2.410000000E+000,1.121572495E-004
       199,3.123435872E+000,2.507450086E+000,6.723847036E-005
       200,3.222500000E+000,2.410000000E+000,1.311091764E-004
       201,3.218517121E+000,2.507609878E+000,7.759981963E-005
       202,3.316250000E+000,2.410000000E+000,1.593406050E-004
       203,3.313762287E+000,2.507697351E+000,9.224152745E-005
       204,3.410000000E+000,2.410000000E+000,5.551073700E-004
       205,3.409487231E+000,2.507648200E+000,1.142313413E-004
       206,3.507176008E+000,2.410052052E+000,6.852540537E-004
       207,3.506566449E+000,2.507340758E+000,1.779055456E-004
       208,3.410000000E+000,2.316250000E+000,1.021916047E-003
       209,3.507320175E+000,2.314206538E+000,1.198196202E-003
       210,3.410000000E+000,2.222500000E+000,1.153604011E-003
       211,3.507278485E+000,2.218885876E+000,1.464522793E-003
       212,3.410000000E+000,2.128750000E+000,1.185274567E-003
       213,3.507139276E+000,2.123785062E+000,1.559383119E-003
       214,3.410000000E+000,2.035000000E+000,1.178213744E-003
       215,3.506880963E+000,2.028753286E+000,1.514666481E-003
       216,3.410000000E+000,1.941250000E+000,1.149757416E-003
       217,3.506361989E+000,1.933649123E+000,1.738238963E-003
       218,3.410000000E+000,1.847500000E+000,1.035323949E-003
       219,3.505250696E+000,1.838261062E+000,2.125531668E-003
       220,3.410000000E+000,1.753750000E+000,2.002821770E-003
       221,3.502807811E+000,1.742206673E+000,3.078506794E-003
       222,3.410000000E+000,1.660000000E+000,2.685015323E-003
       223,3.497172721E+000,1.644658680E+000,4.460252821E-003
       224,3.391231317E+000,1.554382819E+000,5.858942401E-003
       225,3.483066692E+000,1.543610905E+000,8.384115994E-003
       226,3.316250000E+000,1.660000000E+000,1.967403339E-003
       227,3.298514324E+000,1.559143877E+000,4.373980686E-003
       228,3.222500000E+000,1.660000000E+000,1.439712825E-003
       229,3.205459638E+000,1.561610966E+000,3.504259279E-003
       230,3.128750000E+000,1.660000000E+000,1.149616204E-003
       231,3.112224431E+000,1.563166712E+000,2.925498178E-003
       232,3.035000000E+000,1.660000000E+000,9.410399362E-004
       233,3.018985328E+000,1.564579755E+000,2.444767160E-003
       234,2.941250000E+000,1.660000000E+000,7.465105155E-004
       235,2.926036077E+000,1.566416397E+000,1.948073390E-003
       236,2.847500000E+000,1.660000000E+000,5.367297563E-004
       237,2.833951303E+000,1.569151312E+000,1.365864067E-003
       238,2.753750000E+000,1.660000000E+000,3.187467228E-004
       239,2.743707453E+000,1.572880904E+000,7.083480014E-004
       240,2.660000000E+000,1.660000000E+000,1.432350109E-004
       241,2.656013274E+000,1.576074220E+000,2.746386745E-004
       242,2.566022305E+000,1.663225593E+000,7.635304792E-005
       243,2.567227055E+000,1.573541921E+000,1.387745579E-004
       244,2.660000000E+000,1.753750000E+000,7.042283687E-005
       245,2.565338889E+000,1.756556447E+000,5.542988947E-005
       246,2.660000000E+000,1.847500000E+000,6.323474372E-005
       247,2.565050864E+000,1.851064172E+000,4.815540888E-005
       248,2.660000000E+000,1.941250000E+000,5.934161163E-005
       249,2.565028508E+000,1.945862405E+000,4.435409937E-005
       250,2.660000000E+000,2.035000000E+000,5.682578922E-005
       251,2.565221082E+000,2.040450422E+000,4.195838846E-005
       252,2.660000000E+000,2.128750000E+000,5.499331019E-005
       253,2.565575482E+000,2.134347371E+000,4.020754204E-005
       254,2.660000000E+000,2.222500000E+000,5.327121471E-005
       255,2.565819268E+000,2.226984270E+000,3.854272654E-005
       256,2.660000000E+000,2.316250000E+000,5.075958325E-005
       257,2.564929062E+000,2.317891050E+000,3.618864503E-005
       258,2.559972687E+000,2.407542664E+000,3.247984932E-005
       259,2.544083267E+000,2.499351099E+000,2.813896026E-005
       260,2.629684454E+000,2.600569854E+000,3.623113298E-005
       261,2.527993174E+000,2.596372273E+000,2.415446579E-005
       262,2.729184668E+000,2.602725313E+000,3.971007027E-005
       263,1.582222222E+000,3.000000000E+000,0.000000000E+000
       264,1.584149939E+000,2.916087151E+000,0.000000000E+000
       265,1.483333333E+000,3.000000000E+000,0.000000000E+000
       266,1.485813779E+000,2.916656593E+000,0.000000000E+000
       267,1.384444444E+000,3.000000000E+000,0.000000000E+000
       268,1.387168402E+000,2.917518048E+000,0.000000000E+000
       269,1.285555556E+000,3.000000000E+000,0.000000000E+000
       270,1.288638965E+000,2.918595919E+000,0.000000000E+000
       271,1.186666667E+000,3.000000000E+000,0.000000000E+000
       272,1.191087119E+000,2.919773674E+000,0.000000000E+000
       273,1.087777778E+000,3.000000000E+000,0.000000000E+000
       274,1.096123087E+000,2.920619102E+000,0.000000000E+000
       275,9.888888889E-001,3.000000000E+000,0.000000000E+000
       276,1.005883487E+000,2.919245669E+000,0.000000000E+000
       277,8.900000000E-001,3.000000000E+000,0.000000000E+000
       278,9.202228872E-001,2.908064124E+000,0.000000000E+000
       279,7.911111111E-001,3.000000000E+000,0.000000000E+000
       280,8.270996967E-001,2.857229693E+000,0.000000000E+000
       281,6.922222222E-001,3.000000000E+000,0.000000000E+000
       282,7.005743464E-001,2.870092388E+000,0.000000000E+000
       283,5.933333333E-001,3.000000000E+000,0.000000000E+000
       284,5.898368955E-001,2.876298388E+000,0.000000000E+000
       285,4.944444444E-001,3.000000000E+000,0.000000000E+000
       286,4.827153235E-001,2.881152954E+000,0.000000000E+000
       287,3.955555556E-001,3.000000000E+000,0.000000000E+000
       288,3.766784646E-001,2.888827348E+000,0.000000000E+000
       289,2.966666667E-001,3.000000000E+000,0.000000000E+000
       290,2.834950926E-001,2.908079059E+000,0.000000000E+000
       291,1.977777778E-001,3.000000000E+000,0.000000000E+000
       292,1.936507975E-001,2.907687920E+000,0.000000000E+000
       293,9.888888889E-002,3.000000000E+000,0.000000000E+000
       294,9.839923630E-002,2.903804398E+000,0.000000000E+000
       295,0.000000000E+000,2.900000000E+000,0.000000000E+000
       296,6.800000000E-001,1.080000000E+000,2.168490932E-021
       297,6.809495488E-001,1.177523665E+000,1.717645995E-021
       298,5.824739765E-001,1.178167125E+000,1.152058928E-021
       299,5.800000000E-001,1.080000000E+000,7.976168826E-022
       300,1.000000000E-001,0.000000000E+000,3.634708126E-019
       301,1.020461735E-001,9.799602415E-002,1.483551508E-022
       302,0.000000000E+000,1.000000000E-001,0.000000000E+000
       303,2.000000000E-001,0.000000000E+000,2.453910035E-016
       304,2.045063614E-001,9.578577070E-002,6.012684107E-020
       305,3.000000000E-001,0.000000000E+000,6.565790184E-016
       306,3.073687170E-001,9.341279887E-002,1.044250143E-016
       307,4.000000000E-001,0.000000000E+000,4.115513921E-016
       308,4.107373747E-001,9.168970928E-002,3.827495233E-014
       309,5.000000000E-001,0.000000000E+000,3.212539124E-010
       310,5.181662852E-001,9.389206832E-002,1.707557845E-010
       311,6.000000000E-001,0.000000000E+000,6.166810181E-006
       312,6.187048753E-001,8.742172330E-002,1.307804354E-007
       313,7.000000000E-001,0.000000000E+000,2.015915925E-005
       314,7.101412574E-001,8.349307336E-002,1.013363013E-003
       315,8.000000000E-001,0.000000000E+000,8.851852617E-004
       316,8.007852047E-001,8.480154097E-002,7.548990659E-003
       317,9.000000000E-001,0.000000000E+000,2.952573588E-003
       318,8.947023068E-001,8.966310871E-002,1.795148104E-002
       319,1.000000000E+000,0.000000000E+000,5.043982062E-003
       320,9.927946641E-001,9.346341984E-002,2.521867305E-002
       321,1.100000000E+000,0.000000000E+000,6.376065314E-003
       322,1.092731278E+000,9.581156373E-002,2.908634022E-002
       323,1.200000000E+000,0.000000000E+000,6.981231272E-003
       324,1.193321047E+000,9.697427373E-002,3.076883592E-002
       325,1.300000000E+000,0.000000000E+000,7.135644089E-003
       326,1.294018303E+000,9.744372817E-002,3.119472042E-002
       327,1.400000000E+000,0.000000000E+000,7.137590554E-003
       328,1.394614629E+000,9.759949179E-002,3.113693558E-002
       329,1.500000000E+000,0.000000000E+000,7.140331436E-003
       330,1.495068137E+000,9.765941128E-002,3.100651316E-002
       331,1.600000000E+000,0.000000000E+000,7.141828537E-003
       332,1.595386099E+000,9.772116305E-002,3.082999401E-002
       333,1.700000000E+000,0.000000000E+000,7.142670453E-003
       334,1.695591436E+000,9.784171659E-002,3.062645346E-002
       335,1.800000000E+000,0.000000000E+000,7.142732851E-003
       336,1.795711494E+000,9.808661527E-002,3.041344509E-002
       337,1.900000000E+000,0.000000000E+000,7.141807117E-003
       338,1.895774717E+000,9.856250894E-002,3.021024913E-002
       339,2.000000000E+000,0.000000000E+000,7.139692083E-003
       340,1.995832442E+000,9.943788191E-002,3.003530577E-002
       341,2.100000000E+000,0.000000000E+000,7.136448752E-003
       342,2.096019652E+000,1.009421747E-001,2.996400371E-002
       343,2.200000000E+000,0.000000000E+000,7.133248262E-003
       344,2.196644079E+000,1.033271463E-001,3.026449867E-002
       345,2.300000000E+000,0.000000000E+000,7.150565274E-003
       346,2.298313050E+000,1.067826515E-001,3.124040924E-002
       347,2.400000000E+000,0.000000000E+000,7.177791093E-003
       348,2.402010330E+000,1.112058946E-001,3.308344632E-002
       349,2.500000000E+000,0.000000000E+000,7.130311802E-003
       350,2.508600902E+000,1.150477881E-001,3.369873390E-002
       351,2.600000000E+000,0.000000000E+000,7.077337708E-003
       352,2.611935691E+000,1.081580767E-001,3.290299326E-002
       353,2.700000000E+000,0.000000000E+000,7.089838851E-003
       354,2.711603999E+000,1.024040128E-001,3.198941052E-002
       355,2.800000000E+000,0.000000000E+000,7.101038471E-003
       356,2.810018588E+000,9.907023158E-002,3.068162687E-002
       357,2.900000000E+000,0.000000000E+000,7.099085022E-003
       358,2.908317563E+000,9.734130706E-002,2.965614013E-002
       359,3.000000000E+000,0.000000000E+000,7.088515442E-003
       360,3.006808593E+000,9.651525301E-002,2.885696664E-002
       361,3.100000000E+000,0.000000000E+000,7.072790526E-003
       362,3.105515835E+000,9.618791281E-002,2.814009227E-002
       363,3.200000000E+000,0.000000000E+000,7.053142413E-003
       364,3.204414594E+000,9.615446480E-002,2.738486230E-002
       365,3.300000000E+000,0.000000000E+000,7.029419765E-003
       366,3.303489486E+000,9.632009670E-002,2.649652585E-002
       367,3.400000000E+000,0.000000000E+000,7.000481710E-003
       368,3.402730168E+000,9.664606789E-002,2.540632896E-002
       369,3.500000000E+000,0.000000000E+000,6.964121945E-003
       370,3.502116257E+000,9.711039250E-002,2.409165725E-002
       371,3.600000000E+000,0.000000000E+000,6.916732062E-003
       372,3.601609344E+000,9.767585945E-002,2.261472493E-002
       373,3.700000000E+000,0.000000000E+000,6.855055224E-003
       374,3.701168960E+000,9.828841402E-002,2.117470279E-002
       375,3.800000000E+000,0.000000000E+000,6.769413128E-003
       376,3.800767209E+000,9.889227800E-002,2.026563883E-002
       377,3.900000000E+000,0.000000000E+000,9.285034612E-003
       378,3.900381304E+000,9.946409960E-002,2.198299207E-002
       379,4.000000000E+000,1.000000000E-001,2.392260358E-002
       380,7.800000000E-001,1.080000000E+000,3.886428540E-021
       381,7.801757159E-001,1.177155866E+000,2.845533417E-021
       382,8.800000000E-001,1.080000000E+000,7.021152660E-021
       383,8.797830562E-001,1.176937909E+000,4.826781839E-021
       384,9.800000000E-001,1.080000000E+000,1.221126268E-020
       385,9.796205748E-001,1.176810907E+000,8.031171692E-021
       386,1.080000000E+000,1.080000000E+000,2.028710535E-020
       387,1.079603603E+000,1.176754178E+000,1.292463972E-020
       388,1.180000000E+000,1.080000000E+000,3.232506804E-020
       389,1.179668475E+000,1.176763145E+000,2.012338499E-020
       390,1.280000000E+000,1.080000000E+000,4.976417439E-020
       391,1.279760866E+000,1.176831926E+000,3.045789522E-020
       392,1.380000000E+000,1.080000000E+000,7.457413854E-020
       393,1.379835142E+000,1.176944148E+000,4.507989259E-020
       394,1.480000000E+000,1.080000000E+000,1.094968316E-019
       395,1.479857236E+000,1.177071754E+000,6.563811285E-020
       396,1.580000000E+000,1.080000000E+000,1.554341260E-019
       397,1.579806999E+000,1.177180650E+000,9.329459936E-020
       398,1.680000000E+000,1.080000000E+000,9.049088360E-020
       399,1.679679214E+000,1.177242211E+000,1.053112176E-018
       400,1.780000000E+000,1.080000000E+000,0.000000000E+000
       401,1.779468086E+000,1.177235680E+000,3.955352908E-015
       402,1.880000000E+000,1.080000000E+000,0.000000000E+000
       403,1.879110761E+000,1.177141273E+000,9.831346154E-011
       404,1.980000000E+000,1.080000000E+000,1.144059115E-005
       405,1.978316249E+000,1.176929657E+000,3.027265052E-007
       406,2.080000000E+000,1.080000000E+000,2.628886141E-002
       407,2.076040960E+000,1.176581330E+000,9.969781386E-004
       408,2.169571093E+000,1.084039942E+000,3.087889589E-002
       409,2.168723032E+000,1.176317008E+000,3.103751224E-003
       410,2.080000000E+000,9.800000000E-001,6.241743267E-002
       411,2.171510233E+000,9.892217059E-001,6.605010480E-002
       412,2.080000000E+000,8.800000000E-001,7.092093676E-002
       413,2.173221351E+000,8.922254732E-001,7.280090451E-002
       414,2.080000000E+000,7.800000000E-001,6.797830760E-002
       415,2.174502681E+000,7.939791930E-001,6.894764304E-002
       416,2.080000000E+000,6.800000000E-001,6.386004388E-002
       417,2.175641120E+000,6.953145937E-001,6.387457252E-002
       418,2.080000000E+000,5.800000000E-001,6.607773155E-002
       419,2.177088350E+000,5.971189348E-001,6.544242799E-002
       420,2.081399967E+000,4.913026912E-001,9.648673236E-002
       421,2.179556702E+000,5.018902990E-001,9.557792544E-002
       422,1.980000000E+000,5.800000000E-001,7.008238137E-002
       423,1.981989922E+000,4.873575204E-001,9.683798254E-002
       424,1.880000000E+000,5.800000000E-001,6.748852134E-002
       425,1.882180889E+000,4.856525132E-001,9.520432353E-002
       426,1.780000000E+000,5.800000000E-001,6.308633089E-002
       427,1.782193467E+000,4.848722964E-001,9.186915308E-002
       428,1.680000000E+000,5.800000000E-001,5.739954486E-002
       429,1.682082700E+000,4.845137248E-001,8.745278418E-002
       430,1.580000000E+000,5.800000000E-001,5.064101890E-002
       431,1.581846441E+000,4.843642951E-001,8.227171749E-002
       432,1.480000000E+000,5.800000000E-001,4.306431860E-002
       433,1.481469377E+000,4.843261528E-001,7.662485540E-002
       434,1.380000000E+000,5.800000000E-001,3.533623740E-002
       435,1.380934112E+000,4.843587103E-001,7.104249299E-002
       436,1.280000000E+000,5.800000000E-001,2.905202657E-002
       437,1.280136211E+000,4.843587931E-001,6.665360928E-002
       438,1.180000000E+000,5.800000000E-001,2.647795528E-002
       439,1.178936081E+000,4.840061105E-001,6.485538930E-002
       440,1.080000000E+000,5.800000000E-001,2.637061849E-002
       441,1.077085552E+000,4.829519927E-001,6.484901905E-002
       442,9.800000000E-001,5.800000000E-001,2.623963542E-002
       443,9.740319153E-001,4.812218693E-001,6.435092539E-002
       444,8.800000000E-001,5.800000000E-001,2.634334937E-002
       445,8.696279090E-001,4.808975162E-001,6.581082940E-002
       446,7.800000000E-001,5.800000000E-001,1.326989755E-002
       447,7.745482960E-001,4.937057016E-001,2.913207747E-002
       448,6.800000000E-001,5.800000000E-001,1.342035830E-005
       449,6.864445019E-001,5.026828209E-001,9.662409866E-006
       450,5.800000000E-001,5.800000000E-001,1.342038013E-005
       451,5.996911320E-001,5.046234203E-001,8.491956582E-010
       452,4.987689913E-001,5.878139860E-001,7.190477658E-010
       453,5.153813151E-001,5.030273991E-001,9.251837074E-010
       454,5.800000000E-001,6.800000000E-001,2.202075501E-011
       455,4.915778557E-001,6.833838001E-001,2.274097252E-013
       456,5.800000000E-001,7.800000000E-001,0.000000000E+000
       457,4.880958533E-001,7.819233254E-001,2.328723065E-016
       458,5.800000000E-001,8.800000000E-001,0.000000000E+000
       459,4.863611083E-001,8.814548407E-001,4.023855762E-019
       460,5.800000000E-001,9.800000000E-001,0.000000000E+000
       461,4.855131578E-001,9.812228871E-001,1.049788729E-020
       462,4.852427443E-001,1.080787694E+000,3.061657980E-021
       463,4.857441751E-001,1.179562675E+000,1.275921349E-021
       464,5.832097558E-001,1.275959045E+000,5.252150079E-022
       465,4.858559497E-001,1.277801636E+000,3.630220503E-022
       466,6.814300629E-001,1.274843640E+000,7.302220090E-022
       467,0.000000000E+000,2.800000000E+000,0.000000000E+000
       468,1.009131813E-001,2.807549919E+000,0.000000000E+000
       469,0.000000000E+000,2.700000000E+000,0.000000000E+000
       470,1.094749424E-001,2.707911376E+000,0.000000000E+000
       471,0.000000000E+000,2.600000000E+000,0.000000000E+000
       472,1.162692808E-001,2.601707333E+000,0.000000000E+000
       473,0.000000000E+000,2.500000000E+000,0.000000000E+000
       474,1.201226554E-001,2.491497110E+000,0.000000000E+000
       475,0.000000000E+000,2.400000000E+000,0.000000000E+000
       476,1.124167223E-001,2.385656139E+000,4.203895393E-045
       477,0.000000000E+000,2.300000000E+000,0.000000000E+000
       478,1.057292298E-001,2.284660898E+000,2.802596929E-044
       479,0.000000000E+000,2.200000000E+000,0.000000000E+000
       480,1.015842242E-001,2.185652933E+000,6.880375460E-043
       481,0.000000000E+000,2.100000000E+000,0.000000000E+000
       482,9.919751181E-002,2.087139562E+000,4.760210883E-042
       483,0.000000000E+000,2.000000000E+000,0.000000000E+000
       484,9.783603061E-002,1.988589999E+000,1.786431334E-040
       485,0.000000000E+000,1.900000000E+000,0.000000000E+000
       486,9.706964278E-002,1.889871827E+000,4.295271263E-039
       487,0.000000000E+000,1.800000000E+000,0.000000000E+000
       488,9.668040221E-002,1.790976510E+000,2.075437820E-037
       489,0.000000000E+000,1.700000000E+000,0.000000000E+000
       490,9.656326062E-002,1.691919957E+000,5.061368156E-035
       491,0.000000000E+000,1.600000000E+000,0.000000000E+000
       492,9.665270311E-002,1.592716398E+000,6.269663046E-034
       493,0.000000000E+000,1.500000000E+000,0.000000000E+000
       494,9.688127348E-002,1.493374204E+000,5.134477628E-032
       495,0.000000000E+000,1.400000000E+000,0.000000000E+000
       496,9.717598480E-002,1.393893745E+000,1.602220994E-030
       497,0.000000000E+000,1.300000000E+000,0.000000000E+000
       498,9.747922021E-002,1.294262137E+000,2.251099894E-029
       499,0.000000000E+000,1.200000000E+000,0.000000000E+000
       500,9.777452722E-002,1.194466759E+000,2.399169932E-028
       501,0.000000000E+000,1.100000000E+000,0.000000000E+000
       502,9.809715998E-002,1.094512691E+000,2.543879012E-027
       503,0.000000000E+000,1.000000000E+000,0.000000000E+000
       504,9.853258618E-002,9.944385187E-001,3.361862019E-026
       505,0.000000000E+000,9.000000000E-001,0.000000000E+000
       506,9.919411315E-002,8.943323324E-001,2.250075257E-024
       507,0.000000000E+000,8.000000000E-001,0.000000000E+000
       508,1.002123956E-001,7.942997410E-001,2.755208138E-024
       509,0.000000000E+000,7.000000000E-001,0.000000000E+000
       510,1.017318555E-001,6.943946452E-001,2.984005087E-022
       511,0.000000000E+000,6.000000000E-001,0.000000000E+000
       512,1.038440538E-001,5.945326182E-001,3.055610181E-022
       513,0.000000000E+000,5.000000000E-001,0.000000000E+000
       514,1.063183367E-001,4.943610309E-001,0.000000000E+000
       515,0.000000000E+000,4.000000000E-001,0.000000000E+000
       516,1.081195811E-001,3.940394957E-001,0.000000000E+000
       517,0.000000000E+000,3.000000000E-001,0.000000000E+000
       518,1.067691814E-001,2.945171871E-001,0.000000000E+000
       519,0.000000000E+000,2.000000000E-001,0.000000000E+000
       520,1.045316648E-001,1.960092639E-001,2.892670356E-026
       521,4.000000000E+000,2.000000000E-001,5.091813579E-002
       522,3.900739414E+000,1.989543895E-001,5.034089461E-002
       523,4.000000000E+000,3.000000000E-001,7.915655524E-002
       524,3.901048194E+000,2.985072963E-001,8.011076599E-002
       525,4.000000000E+000,4.000000000E-001,1.046756878E-001
       526,3.901298363E+000,3.981382180E-001,1.079488918E-001
       527,4.000000000E+000,5.000000000E-001,1.239082292E-001
       528,3.901489839E+000,4.978410418E-001,1.289842725E-001
       529,4.000000000E+000,6.000000000E-001,1.339266747E-001
       530,3.901627910E+000,5.976044039E-001,1.385790408E-001
       531,4.000000000E+000,7.000000000E-001,1.380817741E-001
       532,3.901716830E+000,6.974121998E-001,1.411935389E-001
       533,4.000000000E+000,8.000000000E-001,1.395010799E-001
       534,3.901740934E+000,7.972375074E-001,1.409924328E-001
       535,4.000000000E+000,9.000000000E-001,1.395567805E-001
       536,3.901637601E+000,8.970412097E-001,1.397021562E-001
       537,4.000000000E+000,1.000000000E+000,1.388102621E-001
       538,3.901270458E+000,9.967856720E-001,1.378810853E-001
       539,4.000000000E+000,1.100000000E+000,1.375452429E-001
       540,3.900414292E+000,1.096504797E+000,1.358764172E-001
       541,4.000000000E+000,1.200000000E+000,1.359727383E-001
       542,3.898797724E+000,1.196438946E+000,1.339895725E-001
       543,4.000000000E+000,1.300000000E+000,1.262334883E-001
       544,3.896369226E+000,1.297161879E+000,1.175101250E-001
       545,4.000000000E+000,1.400000000E+000,1.008900777E-001
       546,3.894090856E+000,1.399362090E+000,8.371352404E-002
       547,4.000000000E+000,1.500000000E+000,7.050193846E-002
       548,3.894738761E+000,1.502452019E+000,5.404813960E-002
       549,4.000000000E+000,1.600000000E+000,4.856960103E-002
       550,3.896363137E+000,1.604627475E+000,3.633260354E-002
       551,4.000000000E+000,1.700000000E+000,3.598672152E-002
       552,3.897882868E+000,1.705662346E+000,2.684165537E-002
       553,4.000000000E+000,1.800000000E+000,2.850636467E-002
       554,3.898993498E+000,1.805846705E+000,2.136739716E-002
       555,4.000000000E+000,1.900000000E+000,2.359884605E-002
       556,3.899722293E+000,1.905511657E+000,1.784327254E-002
       557,4.000000000E+000,2.000000000E+000,2.008009702E-002
       558,3.900186426E+000,2.004909167E+000,1.535136625E-002
       559,4.000000000E+000,2.100000000E+000,1.739200577E-002
       560,3.900497151E+000,2.104204578E+000,1.347752195E-002
       561,4.000000000E+000,2.200000000E+000,1.525392476E-002
       562,3.900720454E+000,2.203494733E+000,1.202863455E-002
       563,4.000000000E+000,2.300000000E+000,1.350942906E-002
       564,3.900866826E+000,2.302829028E+000,1.083490252E-002
       565,4.000000000E+000,2.400000000E+000,1.211493742E-002
       566,3.900910070E+000,2.402230000E+000,1.000835374E-002
       567,4.000000000E+000,2.500000000E+000,1.069719624E-002
       568,3.900820461E+000,2.501706510E+000,8.659188636E-003
       569,4.000000000E+000,2.600000000E+000,6.919368636E-003
       570,3.900592259E+000,2.601256740E+000,4.787525628E-003
       571,4.000000000E+000,2.700000000E+000,1.990115736E-003
       572,3.900250788E+000,2.700873680E+000,1.010509441E-003
       573,4.000000000E+000,2.800000000E+000,2.787681478E-005
       574,3.899838114E+000,2.800547833E+000,2.758822666E-005
       575,4.000000000E+000,2.900000000E+000,2.661604776E-005
       576,3.899393746E+000,2.900261921E+000,2.668204434E-005
       577,3.898947368E+000,3.000000000E+000,2.628906623E-005
       578,3.797894737E+000,3.000000000E+000,2.626116839E-005
       579,3.798820739E+000,2.900514811E+000,2.676637268E-005
       580,3.696842105E+000,3.000000000E+000,2.619684710E-005
       581,3.698320426E+000,2.900743324E+000,2.679024328E-005
       582,3.595789474E+000,3.000000000E+000,2.613099787E-005
       583,3.597923361E+000,2.900916428E+000,2.680488069E-005
       584,3.494736842E+000,3.000000000E+000,2.608271461E-005
       585,3.497658092E+000,2.901008442E+000,2.684178071E-005
       586,3.393684211E+000,3.000000000E+000,2.606386261E-005
       587,3.397536377E+000,2.901011398E+000,2.691926056E-005
       588,3.292631579E+000,3.000000000E+000,2.608271279E-005
       589,3.297543521E+000,2.900938081E+000,2.704788676E-005
       590,3.191578947E+000,3.000000000E+000,2.614619916E-005
       591,3.197632874E+000,2.900813224E+000,2.723321086E-005
       592,3.090526316E+000,3.000000000E+000,2.625526031E-005
       593,3.097730364E+000,2.900660915E+000,2.747753751E-005
       594,2.989473684E+000,3.000000000E+000,2.638229671E-005
       595,2.997741054E+000,2.900491935E+000,2.776226938E-005
       596,2.888421053E+000,3.000000000E+000,2.647502879E-005
       597,2.897558575E+000,2.900298316E+000,2.802673589E-005
       598,2.787368421E+000,3.000000000E+000,2.644606320E-005
       599,2.797076569E+000,2.900053972E+000,2.810924343E-005
       600,2.686315790E+000,3.000000000E+000,2.608900468E-005
       601,2.696196336E+000,2.899710085E+000,2.763893099E-005
       602,2.585263158E+000,3.000000000E+000,2.471418520E-005
       603,2.594830796E+000,2.899205720E+000,2.574420432E-005
       604,2.484210526E+000,3.000000000E+000,2.010666140E-005
       605,2.492906359E+000,2.898517789E+000,1.915612484E-005
       606,2.383157895E+000,3.000000000E+000,1.635675289E-005
       607,2.390367653E+000,2.897744460E+000,1.305935984E-005
       608,2.282105263E+000,3.000000000E+000,1.598038762E-005
       609,2.287208694E+000,2.897152307E+000,1.263141348E-005
       610,7.191427586E-001,1.624416792E-001,1.554761082E-002
       611,7.988789000E-001,1.665938483E-001,5.119583383E-002
       612,6.427068354E-001,1.699378874E-001,4.533440915E-006
       613,6.447009861E-001,3.222940569E-001,0.000000000E+000
       614,5.870187157E-001,3.031055648E-001,0.000000000E+000
       615,6.254321030E-001,2.587463757E-001,0.000000000E+000
       616,1.584609909E+000,2.579529390E+000,0.000000000E+000
       617,1.585708867E+000,2.663959259E+000,0.000000000E+000
       618,1.585840826E+000,2.748183819E+000,0.000000000E+000
       619,1.585215277E+000,2.832237873E+000,0.000000000E+000
       620,2.293276223E+000,2.793804855E+000,7.530375115E-006
       621,2.301200732E+000,2.688889860E+000,5.765440164E-006
       622,2.312606449E+000,2.579703634E+000,5.653157586E-006
       623,2.333044769E+000,2.456295574E+000,5.061895081E-006
       624,2.299903479E+000,2.350841046E+000,4.008752512E-006
       625,2.286919784E+000,2.253524866E+000,3.762123697E-006
       626,2.280939057E+000,2.156450527E+000,3.637980399E-006
       627,2.278072608E+000,2.058376561E+000,3.519304073E-006
       628,2.276730497E+000,1.959487300E+000,3.448010602E-006
       629,2.276204746E+000,1.860236216E+000,4.075003744E-006
       630,2.276207399E+000,1.761078077E+000,5.061667252E-006
       631,2.276641067E+000,1.662379142E+000,7.350823580E-006
       632,2.277416660E+000,1.564216914E+000,1.990649616E-005
       633,2.177793176E+000,1.465882954E+000,1.609240280E-005
       634,2.278286401E+000,1.465396541E+000,7.559232472E-005
       635,2.078071087E+000,1.466521059E+000,1.793230467E-006
       636,1.978522602E+000,1.467049067E+000,1.029962893E-009
       637,1.878963763E+000,1.467373293E+000,4.077381878E-013
       638,1.779332531E+000,1.467497072E+000,1.229862061E-016
       639,1.679596423E+000,1.467460919E+000,2.312202457E-020
       640,1.579737781E+000,1.467319657E+000,1.177003442E-022
       641,1.479757030E+000,1.467130440E+000,4.892246175E-023
       642,1.379673723E+000,1.466945721E+000,1.631410737E-023
       643,1.279525477E+000,1.466810718E+000,4.358831605E-024
       644,1.179369580E+000,1.466760168E+000,1.061211090E-024
       645,1.079284659E+000,1.466806652E+000,5.627707567E-025
       646,9.793593055E-001,1.466940770E+000,3.505181652E-025
       647,8.796721180E-001,1.467168432E+000,2.112445012E-025
       648,7.802894107E-001,1.467567962E+000,1.217366328E-025
       649,6.812930187E-001,1.468343096E+000,6.571177444E-026
       650,5.828206010E-001,1.469858717E+000,3.159792833E-026
       651,4.850517478E-001,1.472608820E+000,1.178153593E-026
       652,3.871076344E-001,1.573698157E+000,4.070867915E-029
       653,3.877023050E-001,1.476504448E+000,2.486388847E-027
       654,3.867339109E-001,1.670331819E+000,1.035158310E-031
       655,3.867813175E-001,1.766487181E+000,3.337745037E-034
       656,3.872117086E-001,1.862255299E+000,3.287477586E-036
       657,3.880438451E-001,1.957615550E+000,1.986087359E-038
       658,3.893979815E-001,2.052388081E+000,4.235242440E-040
       659,3.914510145E-001,2.146156775E+000,1.355055615E-041
       660,3.943229907E-001,2.238166159E+000,6.628141736E-043
       661,3.973585774E-001,2.327318207E+000,2.942726775E-044
       662,3.968132529E-001,2.413533234E+000,2.802596929E-045
       663,3.706544602E-001,2.509636905E+000,0.000000000E+000
       664,4.686667673E-001,2.635874628E+000,0.000000000E+000
       665,3.535431085E-001,2.629037041E+000,0.000000000E+000
       666,5.783975483E-001,2.635499636E+000,0.000000000E+000
       667,6.855877580E-001,2.630807425E+000,0.000000000E+000
       668,7.910979581E-001,2.621772584E+000,0.000000000E+000
       669,8.931339061E-001,2.608818189E+000,0.000000000E+000
       670,9.919002432E-001,2.598808355E+000,0.000000000E+000
       671,1.090004259E+000,2.592021786E+000,0.000000000E+000
       672,1.188644985E+000,2.587388833E+000,0.000000000E+000
       673,1.287799338E+000,2.584315412E+000,0.000000000E+000
       674,1.386911006E+000,2.582076137E+000,0.000000000E+000
       675,1.485819850E+000,2.580535891E+000,0.000000000E+000
       676,3.801482584E+000,1.978328426E-001,5.089034140E-002
       677,3.802105668E+000,2.968912753E-001,8.373681456E-002
       678,3.802610155E+000,3.961017196E-001,1.158562452E-001
       679,3.802986695E+000,4.954499266E-001,1.392123103E-001
       680,3.803243863E+000,5.949267175E-001,1.463420540E-001
       681,3.803399840E+000,6.945115321E-001,1.447584480E-001
       682,3.803436392E+000,7.941282917E-001,1.407143921E-001
       683,3.803254844E+000,8.936571287E-001,1.366711408E-001
       684,3.802620962E+000,9.929649529E-001,1.325557232E-001
       685,3.801078848E+000,1.092018604E+000,1.294803023E-001
       686,3.797847846E+000,1.191180362E+000,1.277265251E-001
       687,3.791965011E+000,1.291811764E+000,9.736941010E-002
       688,3.784291824E+000,1.396878392E+000,5.037943646E-002
       689,3.787960858E+000,1.505406915E+000,2.863309532E-002
       690,3.792637327E+000,1.610286879E+000,1.870632544E-002
       691,3.796202836E+000,1.712256087E+000,1.394258998E-002
       692,3.798541343E+000,1.812436759E+000,1.132860500E-002
       693,3.799974647E+000,1.911617660E+000,9.699343704E-003
       694,3.800841293E+000,2.010298798E+000,8.598746732E-003
       695,3.801388766E+000,2.108785704E+000,7.796728052E-003
       696,3.801750216E+000,2.207258208E+000,7.321751676E-003
       697,3.801956267E+000,2.305820474E+000,6.685747299E-003
       698,3.801973454E+000,2.404535978E+000,5.491349846E-003
       699,3.801754370E+000,2.503438673E+000,4.097161815E-003
       700,3.801283078E+000,2.602518336E+000,1.712899306E-003
       701,3.800593673E+000,2.701744393E+000,2.959724225E-005
       702,3.799752180E+000,2.801091040E+000,2.738543662E-005
       703,1.487249520E+000,2.833232024E+000,0.000000000E+000
       704,1.388748237E+000,2.834722216E+000,0.000000000E+000
       705,1.290476605E+000,2.836682762E+000,0.000000000E+000
       706,1.193718485E+000,2.839126398E+000,0.000000000E+000
       707,1.101157297E+000,2.841964027E+000,0.000000000E+000
       708,1.018002711E+000,2.844996360E+000,0.000000000E+000
       709,9.546731813E-001,2.846743915E+000,0.000000000E+000
       710,9.241944799E-001,2.789255909E+000,0.000000000E+000
       711,5.819225360E-001,2.754391734E+000,0.000000000E+000
       712,6.927635021E-001,2.746476823E+000,0.000000000E+000
       713,4.678895737E-001,2.759457529E+000,0.000000000E+000
       714,3.386115395E-001,2.766539384E+000,0.000000000E+000
       715,2.686214192E-001,2.834822362E+000,0.000000000E+000
       716,1.949541616E-001,2.818804831E+000,0.000000000E+000
       717,2.199992033E-001,2.724040064E+000,0.000000000E+000
       718,2.363383958E-001,2.607929728E+000,0.000000000E+000
       719,2.561957102E-001,2.474621132E+000,1.401298464E-045
       720,2.217241506E-001,2.365068792E+000,1.261168618E-044
       721,2.078399002E-001,2.267210585E+000,1.471363388E-043
       722,2.009641250E-001,2.170982633E+000,2.540554116E-042
       723,1.972757094E-001,2.074492253E+000,3.151380116E-041
       724,1.951972522E-001,1.977484102E+000,2.029850890E-039
       725,1.940292915E-001,1.880033804E+000,4.113975472E-038
       726,1.934357330E-001,1.782234756E+000,2.396902719E-035
       727,1.932599358E-001,1.684139082E+000,2.609026931E-034
       728,1.934090985E-001,1.585765471E+000,4.996213631E-032
       729,1.937801446E-001,1.487120472E+000,1.213496259E-029
       730,1.942583987E-001,1.388207962E+000,2.663778502E-028
       731,1.947511609E-001,1.289007535E+000,3.426978558E-027
       732,1.952371005E-001,1.189514787E+000,2.764502337E-026
       733,1.957839251E-001,1.089748027E+000,2.084272570E-025
       734,1.965565256E-001,9.897741615E-001,2.302818694E-024
       735,1.977839827E-001,8.897331541E-001,1.539328392E-022
       736,1.997783230E-001,7.897905785E-001,9.475842632E-022
       737,2.029673717E-001,6.900408480E-001,3.225916501E-019
       738,2.078486457E-001,5.903843039E-001,9.373251912E-019
       739,2.144566844E-001,4.894625085E-001,6.525956657E-019
       740,2.099065610E-001,1.914597209E-001,0.000000000E+000
       741,2.155717742E-001,2.878649772E-001,0.000000000E+000
       742,3.158543163E-001,1.859620934E-001,0.000000000E+000
       743,4.209679501E-001,1.808553686E-001,0.000000000E+000
       744,5.455385657E-001,1.944812135E-001,0.000000000E+000
       745,8.882515013E-001,1.777223402E-001,8.169244230E-002
       746,9.857072963E-001,1.861768997E-001,9.452219307E-002
       747,1.086187967E+000,1.910928370E-001,1.009377763E-001
       748,1.187450661E+000,1.935076497E-001,1.036472544E-001
       749,1.288733204E+000,1.944966005E-001,1.043382660E-001
       750,1.389788955E+000,1.948205748E-001,1.041243151E-001
       751,1.490575410E+000,1.949333836E-001,1.035609618E-001
       752,1.591125976E+000,1.950496262E-001,1.028034836E-001
       753,1.691480975E+000,1.952840709E-001,1.019549444E-001
       754,1.791682506E+000,1.957657432E-001,1.011085212E-001
       755,1.891775329E+000,1.966989829E-001,1.003680751E-001
       756,1.991837678E+000,1.984085556E-001,9.985868633E-002
       757,2.092061985E+000,2.013557743E-001,9.993726015E-002
       758,2.192917526E+000,2.061135791E-001,1.010114700E-001
       759,2.295517883E+000,2.133867439E-001,1.035542786E-001
       760,2.402707786E+000,2.247061605E-001,1.090657935E-001
       761,2.524428193E+000,2.454306151E-001,1.213526949E-001
       762,2.629174019E+000,2.143553735E-001,9.577774256E-002
       763,2.725036842E+000,2.023867926E-001,8.640821278E-002
       764,2.820406744E+000,1.969257212E-001,8.155427128E-002
       765,2.916592173E+000,1.943011636E-001,7.862889022E-002
       766,3.013522020E+000,1.930654443E-001,7.649264485E-002
       767,3.110964330E+000,1.925838408E-001,7.457098365E-002
       768,3.208777965E+000,1.925691439E-001,7.250578701E-002
       769,3.306915172E+000,1.928972558E-001,7.001791149E-002
       770,3.405370900E+000,1.935221222E-001,6.688649207E-002
       771,3.504129709E+000,1.944150848E-001,6.302089989E-002
       772,3.603120527E+000,1.955004866E-001,5.859476700E-002
       773,3.702256961E+000,1.966770309E-001,5.416022241E-002
       774,3.699791186E+000,2.801571423E+000,2.752716864E-005
       775,3.600018956E+000,2.801950461E+000,2.764072269E-005
       776,3.500494254E+000,2.802182332E+000,2.778502676E-005
       777,3.401248967E+000,2.802249062E+000,2.800193761E-005
       778,3.302264545E+000,2.802171227E+000,2.832095925E-005
       779,3.203451765E+000,2.801990298E+000,2.875969039E-005
       780,3.104677551E+000,2.801747146E+000,2.932321877E-005
       781,3.005782331E+000,2.801461408E+000,3.004013888E-005
       782,2.906587907E+000,2.801116239E+000,3.090015525E-005
       783,2.806900481E+000,2.800647291E+000,3.150641351E-005
       784,2.706509989E+000,2.799933888E+000,3.100119648E-005
       785,2.605190642E+000,2.798817903E+000,2.807943201E-005
       786,2.502707614E+000,2.797196841E+000,1.872411485E-005
       787,2.398838092E+000,2.795243820E+000,8.860509297E-006
       788,5.093192014E-001,2.734451767E-001,0.000000000E+000
       789,3.263672198E-001,2.779029744E-001,2.546706092E-019
       790,4.207864902E-001,2.599813981E-001,1.945454613E-019
       791,5.605782600E-001,3.603501207E-001,6.888398879E-011
       792,4.871674251E-001,3.414344750E-001,7.622143883E-014
       793,6.284106981E-001,3.709929334E-001,4.948976645E-011
       794,6.868046612E-001,3.671291160E-001,7.809696399E-005
       795,8.764188492E-001,2.663482738E-001,1.818373948E-001
       796,7.803298157E-001,1.274193414E+000,1.030709755E-021
       797,8.797068068E-001,1.273814200E+000,1.490172639E-021
       798,9.794215371E-001,1.273594226E+000,2.161656999E-021
       799,1.079368480E+000,1.273487993E+000,3.099598832E-021
       800,1.179453686E+000,1.273484575E+000,4.388341784E-021
       801,1.279590729E+000,1.273575613E+000,6.161873562E-021
       802,1.379706750E+000,1.273737154E+000,8.635132285E-021
       803,1.479747619E+000,1.273928357E+000,1.217273981E-020
       804,1.579680640E+000,1.274099631E+000,1.764416636E-020
       805,1.679494755E+000,1.274202308E+000,1.310223381E-018
       806,1.779184805E+000,1.274188606E+000,4.540525196E-015
       807,1.878709072E+000,1.273999433E+000,1.949500457E-011
       808,1.977901807E+000,1.273522609E+000,4.027582534E-008
       809,2.076373953E+000,1.272470443E+000,9.494328697E-005
       810,2.173739243E+000,1.269975248E+000,4.441656056E-004
       811,2.254190448E+000,1.173679795E+000,5.487756804E-003
       812,2.272354054E+000,1.262845922E+000,1.180376858E-003
       813,2.256923488E+000,1.089556486E+000,3.395946324E-002
       814,2.262153006E+000,9.997132508E-001,7.102020830E-002
       815,2.266290637E+000,9.053855870E-001,7.450023293E-002
       816,2.269132360E+000,8.085834450E-001,6.676954776E-002
       817,2.271369237E+000,7.107182470E-001,6.057421491E-002
       818,2.273844174E+000,6.127523977E-001,6.448113173E-002
       819,2.277387325E+000,5.154018704E-001,9.538634121E-002
       820,2.183559492E+000,4.057203389E-001,1.653032303E-001
       821,2.282533587E+000,4.173015248E-001,1.638330370E-001
       822,2.084349739E+000,3.974316710E-001,1.670629978E-001
       823,1.984746158E+000,3.928598817E-001,1.680743098E-001
       824,1.884894725E+000,3.904698276E-001,1.679445654E-001
       825,1.784863201E+000,3.892546933E-001,1.673072577E-001
       826,1.684661869E+000,3.886597509E-001,1.663378179E-001
       827,1.584269582E+000,3.883954702E-001,1.651596576E-001
       828,1.483653630E+000,3.883115345E-001,1.638822556E-001
       829,1.382759896E+000,3.883148305E-001,1.626529694E-001
       830,1.281443074E+000,3.881372508E-001,1.617378294E-001
       831,1.179517479E+000,3.872050316E-001,1.617085338E-001
       832,1.076394358E+000,3.846483188E-001,1.635210067E-001
       833,9.697076530E-001,3.791404612E-001,1.682634950E-001
       834,8.489105903E-001,3.670916488E-001,2.002495676E-001
       835,7.627155680E-001,4.098489227E-001,7.986261696E-002
       836,6.889358500E-001,4.292841483E-001,3.041301534E-005
       837,6.145059897E-001,4.332614581E-001,2.859798787E-010
       838,5.364254243E-001,4.268133694E-001,3.321849185E-010
       839,4.254704542E-001,4.959837327E-001,3.166125944E-013
       840,4.518083544E-001,4.107603055E-001,2.257774317E-013
       841,4.085487062E-001,5.883834274E-001,1.666879661E-013
       842,3.993004415E-001,6.852554880E-001,8.673672305E-017
       843,3.943126651E-001,7.839885243E-001,8.874962405E-017
       844,3.916234637E-001,8.835178250E-001,4.083729680E-019
       845,3.901829928E-001,9.832705306E-001,1.073880687E-020
       846,3.894519639E-001,1.082861886E+000,2.808245666E-021
       847,3.891445266E-001,1.182004083E+000,7.928751344E-022
       848,3.888033537E-001,1.280684809E+000,1.445838908E-022
       849,4.856392492E-001,1.375632604E+000,3.553446036E-023
       850,3.883349425E-001,1.378898447E+000,8.557476325E-024
       851,5.833034950E-001,1.373255406E+000,7.049104539E-023
       852,6.815939510E-001,1.371818282E+000,9.879852380E-023
       853,2.827256820E+000,2.603834620E+000,3.866102270E-005
       854,2.924455012E+000,2.604456803E+000,3.043714059E-005
       855,3.021141819E+000,2.604870464E+000,2.454661626E-005
       856,3.117571349E+000,2.605194042E+000,2.497119931E-005
       857,3.213952986E+000,2.605447360E+000,2.526195203E-005
       858,3.310497488E+000,2.605593345E+000,2.541343201E-005
       859,3.407457058E+000,2.605565067E+000,2.578233580E-005
       860,3.505130652E+000,2.605275582E+000,3.330179607E-005
       861,3.604457445E+000,2.506411611E+000,4.058694467E-004
       862,3.603422221E+000,2.604622517E+000,1.058730486E-004
       863,3.604964038E+000,2.408694128E+000,1.159261330E-003
       864,3.605085793E+000,2.311665115E+000,1.856290270E-003
       865,3.604976038E+000,2.215073201E+000,2.284778049E-003
       866,3.604700412E+000,2.118712305E+000,2.814774169E-003
       867,3.604206054E+000,2.022405542E+000,3.048760351E-003
       868,3.603278821E+000,1.925934048E+000,3.447800875E-003
       869,3.601463219E+000,1.828960224E+000,4.296249244E-003
       870,3.597894501E+000,1.730937975E+000,5.369118415E-003
       871,3.590973886E+000,1.631045565E+000,7.282283157E-003
       872,3.578029710E+000,1.528635135E+000,1.220761053E-002
       873,3.464531140E+000,1.445127021E+000,1.740775444E-002
       874,3.557363693E+000,1.427248891E+000,2.182399295E-002
       875,3.373198431E+000,1.455453594E+000,1.419529319E-002
       876,3.281269231E+000,1.461184087E+000,1.196561940E-002
       877,3.188711063E+000,1.464621811E+000,1.036672108E-002
       878,3.095761276E+000,1.467128897E+000,9.082457051E-003
       879,3.002719593E+000,1.469748998E+000,7.859620266E-003
       880,2.910084579E+000,1.473482156E+000,6.467459723E-003
       881,2.819005403E+000,1.479436710E+000,4.668462090E-003
       882,2.732071903E+000,1.488518312E+000,2.194569912E-003
       883,2.653332893E+000,1.498402281E+000,7.064085803E-004
       884,2.572549529E+000,1.487199215E+000,3.273432958E-004
       885,2.473708867E+000,1.569203224E+000,9.400256386E-005
       886,2.479737730E+000,1.475044377E+000,2.510411432E-004
       887,2.471120946E+000,1.663255203E+000,4.545299089E-005
       888,2.469961470E+000,1.758421301E+000,2.950737507E-005
       889,2.469555908E+000,1.854293009E+000,2.343261622E-005
       890,2.469667668E+000,1.950298881E+000,2.047125054E-005
       891,2.470279823E+000,2.045802750E+000,1.870709093E-005
       892,2.471470201E+000,2.139962369E+000,1.750971023E-005
       893,2.473161216E+000,2.231532816E+000,1.651422281E-005
       894,2.474408107E+000,2.318807394E+000,1.507298293E-005
       895,2.471310731E+000,2.400657720E+000,1.314607744E-005
       896,2.443746862E+000,2.487426455E+000,1.130831788E-005
       897,2.423500290E+000,2.588844063E+000,9.914491784E-006
       898,2.514266975E+000,2.696115019E+000,2.085915366E-005
       899,2.409415568E+000,2.692170399E+000,8.594554856E-006
       900,2.616747825E+000,2.699021781E+000,3.164212103E-005
       901,2.717459904E+000,2.700833612E+000,3.497748185E-005
       902,2.872533496E+000,1.282688528E+000,3.594497219E-002
       903,2.968967779E+000,1.278074801E+000,3.986610845E-002
       904,3.063480204E+000,1.275237474E+000,4.290559888E-002
       905,3.157071246E+000,1.273087067E+000,4.539806023E-002
       906,3.249927354E+000,1.270864264E+000,4.700923339E-002
       907,3.341782725E+000,1.268042199E+000,4.805849865E-002
       908,3.431923588E+000,1.264288059E+000,4.906592518E-002
       909,3.518952195E+000,1.260256791E+000,4.932084307E-002
       910,3.605453512E+000,1.174190338E+000,6.370813400E-002
       911,3.601352786E+000,1.259794970E+000,4.841181636E-002
       912,3.606439960E+000,1.081174928E+000,6.994901597E-002
       913,3.606744692E+000,9.845701564E-001,8.608047664E-002
       914,3.606848259E+000,8.862342643E-001,9.951190650E-002
       915,3.606839785E+000,7.871305255E-001,1.128897667E-001
       916,3.606744051E+000,6.878004693E-001,1.340751350E-001
       917,3.606549942E+000,5.886307455E-001,1.501762867E-001
       918,3.606197957E+000,4.899678629E-001,1.567385942E-001
       919,3.507287423E+000,3.893917984E-001,1.436862946E-001
       920,3.605495260E+000,3.915785336E-001,1.350918263E-001
       921,3.409621935E+000,3.875692936E-001,1.505334228E-001
       922,3.312803360E+000,3.864744028E-001,1.554364711E-001
       923,3.216579175E+000,3.859043679E-001,1.588823199E-001
       924,3.120782131E+000,3.857378327E-001,1.614758670E-001
       925,3.025398311E+000,3.859334313E-001,1.636675298E-001
       926,2.930649230E+000,3.864790251E-001,1.657927781E-001
       927,2.837122240E+000,3.873105890E-001,1.681148112E-001
       928,2.745924763E+000,3.880982341E-001,1.708032042E-001
       929,2.658714946E+000,3.876554577E-001,1.734375954E-001
       930,2.576667489E+000,3.821999858E-001,1.780542582E-001
       931,2.477484889E+000,4.504734429E-001,1.636909992E-001
       932,2.491330123E+000,3.528318932E-001,1.826562434E-001
       933,2.470666896E+000,5.478341447E-001,1.025989726E-001
       934,2.466875208E+000,6.458105159E-001,7.886908203E-002
       935,2.464200372E+000,7.441562674E-001,7.380935550E-002
       936,2.461193177E+000,8.423805974E-001,7.481328398E-002
       937,2.456177749E+000,9.400193687E-001,7.850602269E-002
       938,2.446552773E+000,1.036957585E+000,5.328532308E-002
       939,2.427130512E+000,1.134453354E+000,1.593899541E-002
       940,2.383452929E+000,1.239266851E+000,3.193168668E-003
       941,2.492309496E+000,1.377962666E+000,1.066169585E-003
       942,2.383818168E+000,1.362568325E+000,5.205266643E-004
       943,2.589346426E+000,1.402992485E+000,1.419877750E-003
       944,1.487316852E+000,2.665232974E+000,0.000000000E+000
       945,1.487509758E+000,2.749468647E+000,0.000000000E+000
       946,2.381748894E+000,2.238476480E+000,6.070029031E-006
       947,2.389667910E+000,2.322795619E+000,6.214783753E-006
       948,2.377249071E+000,2.146606145E+000,6.367891729E-006
       949,2.374834986E+000,2.051370078E+000,6.989810572E-006
       950,2.373655249E+000,1.954567303E+000,7.938529052E-006
       951,2.373260738E+000,1.857156340E+000,9.550287359E-006
       952,2.373496440E+000,1.759745868E+000,1.274451552E-005
       953,2.374434073E+000,1.662676513E+000,2.129914719E-005
       954,2.376336506E+000,1.565738119E+000,5.116921238E-005
       955,2.379565617E+000,1.467222776E+000,1.568146399E-004
       956,2.277774055E+000,1.364584534E+000,3.010852961E-004
       957,2.176636180E+000,1.367481505E+000,8.077310486E-005
       958,2.077278850E+000,1.369227291E+000,1.209222592E-005
       959,1.978092033E+000,1.370178697E+000,6.148357823E-009
       960,1.878728973E+000,1.370661019E+000,2.504916196E-012
       961,1.779185886E+000,1.370850969E+000,7.025071036E-016
       962,1.679492059E+000,1.370849083E+000,3.286916677E-019
       963,1.579660108E+000,1.370726455E+000,2.111275924E-021
       964,1.479699852E+000,1.370543808E+000,1.267965996E-021
       965,1.379632675E+000,1.370356284E+000,8.315802602E-022
       966,1.279498630E+000,1.370212946E+000,5.759214218E-022
       967,1.179359072E+000,1.370150619E+000,4.177064436E-022
       968,1.079295068E+000,1.370185418E+000,3.096904588E-022
       969,9.793972799E-001,1.370318887E+000,2.293299683E-022
       970,8.797538080E-001,1.370568846E+000,1.703756918E-022
       971,7.804516721E-001,1.371012037E+000,1.280820188E-022
       972,2.321747559E+000,1.165922453E+000,6.302959751E-003
       973,2.339770429E+000,1.099431403E+000,2.383541502E-002
       974,2.352282054E+000,1.013951584E+000,6.001181155E-002
       975,2.359870872E+000,9.208710326E-001,7.469239086E-002
       976,2.364392482E+000,8.246035792E-001,6.592629850E-002
       977,2.367511205E+000,7.269961980E-001,6.147059426E-002
       978,2.370586293E+000,6.290071222E-001,6.778448075E-002
       979,2.374834416E+000,5.310671872E-001,9.730681777E-002
       980,2.381438155E+000,4.325711982E-001,1.628080904E-001
       981,2.289437375E+000,3.172668596E-001,1.798848659E-001
       982,2.391365935E+000,3.317508368E-001,1.814943999E-001
       983,2.188468002E+000,3.073015983E-001,1.796058416E-001
       984,2.088209358E+000,3.005764717E-001,1.797582656E-001
       985,1.988195283E+000,2.964748684E-001,1.799886078E-001
       986,1.888194718E+000,2.941363652E-001,1.804831624E-001
       987,1.788103900E+000,2.928700397E-001,1.814390570E-001
       988,1.687867803E+000,2.922194866E-001,1.826239526E-001
       989,1.587443568E+000,2.919110647E-001,1.838637441E-001
       990,1.486788968E+000,2.917845636E-001,1.850123554E-001
       991,1.385842725E+000,2.916900265E-001,1.859023273E-001
       992,1.284528957E+000,2.913002321E-001,1.862713546E-001
       993,1.182805687E+000,2.899991913E-001,1.860907674E-001
       994,1.080586675E+000,2.867812550E-001,1.855413020E-001
       995,9.778130675E-001,2.799963871E-001,1.834266633E-001
       996,7.351817372E-001,3.427315498E-001,2.190426290E-001
       997,3.703209420E+000,2.951858261E-001,8.992504328E-002
       998,3.703972500E+000,3.939174239E-001,1.254711896E-001
       999,3.704518171E+000,4.928261291E-001,1.488553882E-001
      1000,3.704857704E+000,5.919370589E-001,1.504848450E-001
      1001,3.705051859E+000,6.912709182E-001,1.426090300E-001
      1002,3.705108315E+000,7.906663375E-001,1.332113743E-001
      1003,3.704950948E+000,8.898752676E-001,1.270069629E-001
      1004,3.704358060E+000,9.885708237E-001,1.128011644E-001
      1005,3.702787269E+000,1.086387515E+000,9.810166806E-002
      1006,3.698855305E+000,1.183224084E+000,9.237471223E-002
      1007,3.688770536E+000,1.280569545E+000,6.358347088E-002
      1008,3.660259787E+000,1.388485214E+000,3.006077930E-002
      1009,3.679583203E+000,1.511125798E+000,1.706316322E-002
      1010,3.689812649E+000,1.618391554E+000,1.120801922E-002
      1011,3.695766888E+000,1.720476082E+000,8.409587666E-003
      1012,3.699185450E+000,1.820095920E+000,6.885716692E-003
      1013,3.701110390E+000,1.918454156E+000,5.914407317E-003
      1014,3.702195961E+000,2.016199431E+000,5.396308843E-003
      1015,3.702829797E+000,2.113708901E+000,4.849066492E-003
      1016,3.703205745E+000,2.211211873E+000,4.301331006E-003
      1017,3.703377890E+000,2.308863227E+000,3.765339032E-003
      1018,3.703310651E+000,2.406788548E+000,2.309485571E-003
      1019,3.702930860E+000,2.505079697E+000,1.080713235E-003
      1020,3.702193250E+000,2.603694286E+000,4.696334363E-004
      1021,3.701124378E+000,2.702540365E+000,2.766860780E-005
      1022,3.522185687E-001,3.760543415E-001,1.327453657E-017
      1023,4.248285964E-001,3.210851542E-001,2.255380577E-019
      1024,3.250126882E-001,4.865023792E-001,1.408278302E-016
      1025,3.108457145E-001,5.875523018E-001,1.129684268E-016
      1026,3.027424988E-001,6.871426366E-001,1.176833373E-018
      1027,2.980480368E-001,7.866718627E-001,8.592948659E-019
      1028,2.953375249E-001,8.864306130E-001,2.666098181E-022
      1029,2.937756936E-001,9.862842550E-001,1.367135707E-022
      1030,2.928625667E-001,1.086017973E+000,2.135334926E-023
      1031,2.922785013E-001,1.185458030E+000,4.146213869E-024
      1032,2.917658003E-001,1.284539855E+000,5.896180106E-025
      1033,2.912308057E-001,1.383235830E+000,2.545763996E-026
      1034,2.892276950E+000,1.379979801E+000,1.644619368E-002
      1035,2.799638076E+000,1.389074309E+000,1.235010754E-002
      1036,2.985915669E+000,1.374833546E+000,1.926292852E-002
      1037,3.079426718E+000,1.371535484E+000,2.151715755E-002
      1038,3.172516840E+000,1.368759611E+000,2.361159958E-002
      1039,3.264896243E+000,1.365396674E+000,2.576758154E-002
      1040,3.355990053E+000,1.360662724E+000,2.814600617E-002
      1041,3.444479830E+000,1.353231856E+000,3.091255017E-002
      1042,3.526611836E+000,1.342046697E+000,3.391863406E-002
      1043,3.591512032E+000,1.326548514E+000,3.529614583E-002
      1044,2.816901447E+000,2.701903334E+000,3.496077261E-005
      1045,2.915477183E+000,2.702557008E+000,3.268398723E-005
      1046,3.013501107E+000,2.703004730E+000,3.033235225E-005
      1047,3.111221986E+000,2.703349935E+000,2.894445424E-005
      1048,3.208851189E+000,2.703617310E+000,2.804561700E-005
      1049,3.306581934E+000,2.703781997E+000,2.756970389E-005
      1050,3.404595768E+000,2.703794982E+000,2.738512740E-005
      1051,3.503036562E+000,2.703603852E+000,2.735943963E-005
      1052,3.601902775E+000,2.703175106E+000,2.742259858E-005
      1053,2.712889445E+000,1.406629959E+000,5.164910574E-003
      1054,2.652843352E+000,1.438113128E+000,1.394271269E-003
      1055,3.604431414E+000,2.934803666E-001,9.694217891E-002
      1056,3.505892658E+000,2.918999631E-001,1.035308093E-001
      1057,3.407738712E+000,2.905978157E-001,1.090138555E-001
      1058,3.310089156E+000,2.897171318E-001,1.132306382E-001
      1059,3.212896529E+000,2.892484363E-001,1.164210662E-001
      1060,3.116115433E+000,2.891878543E-001,1.189568639E-001
      1061,3.019808866E+000,2.895966374E-001,1.212086678E-001
      1062,2.924272061E+000,2.906455143E-001,1.235579476E-001
      1063,2.830244733E+000,2.926969551E-001,1.265131682E-001
      1064,2.739430261E+000,2.964756249E-001,1.309704483E-001
      1065,2.656067959E+000,3.033353699E-001,1.388855875E-001
      1066,2.590781366E+000,3.151180298E-001,1.487208456E-001
      1067,2.906860720E-001,1.481518436E+000,1.141207020E-028
      1068,2.902501804E-001,1.579427380E+000,9.739140344E-030
      1069,2.900557859E-001,1.676934975E+000,6.861040204E-033
      1070,2.902204317E-001,1.774057460E+000,1.365537579E-034
      1071,2.908091261E-001,1.870800753E+000,7.488747058E-037
      1072,2.919524028E-001,1.967088524E+000,7.145658075E-039
      1073,2.939496934E-001,2.062683198E+000,1.621988959E-040
      1074,2.972306992E-001,2.157027398E+000,6.382914505E-042
      1075,3.028167157E-001,2.248766791E+000,3.671401977E-043
      1076,3.121439121E-001,2.333976082E+000,2.101947696E-044
      1077,3.266608038E-001,2.401759928E+000,2.802596929E-045
      1078,8.034606816E-001,2.731369798E+000,0.000000000E+000
      1079,9.054178831E-001,2.703496421E+000,0.000000000E+000
      1080,1.000013978E+000,2.688011043E+000,0.000000000E+000
      1081,1.094832730E+000,2.679111044E+000,0.000000000E+000
      1082,1.191645529E+000,2.673231702E+000,0.000000000E+000
      1083,1.289962150E+000,2.669751778E+000,0.000000000E+000
      1084,1.388473051E+000,2.667054101E+000,0.000000000E+000
      1085,2.402621809E+000,2.388277897E+000,6.234346984E-006
      1086,1.388926423E+000,2.751269272E+000,0.000000000E+000
      1087,1.290656942E+000,2.753773258E+000,0.000000000E+000
      1088,1.193556598E+000,2.757270472E+000,0.000000000E+000
      1089,1.099222243E+000,2.762375156E+000,0.000000000E+000
      1090,1.009769047E+000,2.770890951E+000,0.000000000E+000
      1091,2.211310989E-001,3.872866679E-001,0.000000000E+000
