nodenumber,    x-coordinate,    y-coordinate,            c2h6
         1,7.100000000E-001,3.000000000E-001,5.000876188E-001
         2,6.850858620E-001,3.238342004E-001,3.515238495E-005
         3,6.856125011E-001,3.056513156E-001,1.699338281E-005
         4,7.000000000E-001,3.000000000E-001,8.761930076E-005
         5,7.100000000E-001,2.800000000E-001,5.050624609E-001
         6,7.236791771E-001,2.305009119E-001,5.205212533E-002
         7,7.903931993E-001,2.408555716E-001,1.702263057E-001
         8,7.687291603E-001,3.020279623E-001,3.830215037E-001
         9,7.000000000E-001,2.800000000E-001,5.062483717E-003
        10,6.764162816E-001,2.362815490E-001,4.670965791E-005
        11,6.671475470E-001,2.913394410E-001,0.000000000E+000
        12,1.780000000E+000,2.494285714E+000,0.000000000E+000
        13,1.681517864E+000,2.494520771E+000,0.000000000E+000
        14,1.680000000E+000,2.410000000E+000,0.000000000E+000
        15,1.780000000E+000,2.578571429E+000,0.000000000E+000
        16,1.682649631E+000,2.578925679E+000,0.000000000E+000
        17,1.780000000E+000,2.662857143E+000,0.000000000E+000
        18,1.683253420E+000,2.663221486E+000,0.000000000E+000
        19,1.780000000E+000,2.747142857E+000,0.000000000E+000
        20,1.683304013E+000,2.747452798E+000,0.000000000E+000
        21,1.780000000E+000,2.831428571E+000,0.000000000E+000
        22,1.682886328E+000,2.831651215E+000,0.000000000E+000
        23,1.780000000E+000,2.915714286E+000,0.000000000E+000
        24,1.682130642E+000,2.915822261E+000,0.000000000E+000
        25,1.681111111E+000,3.000000000E+000,0.000000000E+000
        26,2.753750000E+000,1.080000000E+000,1.732803136E-002
        27,2.757800583E+000,1.184157553E+000,1.329704188E-002
        28,2.650383590E+000,1.183717388E+000,1.887428202E-002
        29,2.660000000E+000,1.080000000E+000,3.205998614E-002
        30,2.753750000E+000,2.410000000E+000,1.410784591E-007
        31,2.741416988E+000,2.505899641E+000,1.380715986E-007
        32,2.644030787E+000,2.504213767E+000,3.197804403E-007
        33,2.660000000E+000,2.410000000E+000,5.727468988E-007
        34,2.080000000E+000,2.896923077E+000,9.246815417E-014
        35,2.183600715E+000,2.896948020E+000,2.720092381E-012
        36,2.181052632E+000,3.000000000E+000,5.725231487E-013
        37,2.080000000E+000,2.793846154E+000,8.888201590E-013
        38,2.186660160E+000,2.793568969E+000,2.072004027E-011
        39,2.080000000E+000,2.690769231E+000,6.956827042E-012
        40,2.190469218E+000,2.689299070E+000,1.142034592E-010
        41,2.080000000E+000,2.587692308E+000,4.664445566E-011
        42,2.194953111E+000,2.583215536E+000,5.018431226E-010
        43,2.080000000E+000,2.484615385E+000,3.601957899E-010
        44,2.198645940E+000,2.474412107E+000,2.198084381E-009
        45,2.080000000E+000,2.381538461E+000,8.901839821E-010
        46,2.191224313E+000,2.369016531E+000,4.222557415E-009
        47,2.080000000E+000,2.278461539E+000,1.226212798E-009
        48,2.185022393E+000,2.267129089E+000,4.807983345E-009
        49,2.080000000E+000,2.175384615E+000,1.120092241E-009
        50,2.181445824E+000,2.166334234E+000,3.698487516E-009
        51,2.080000000E+000,2.072307692E+000,6.541499564E-010
        52,2.179610975E+000,2.065523334E+000,1.500732427E-009
        53,2.080000000E+000,1.969230769E+000,2.721960990E-010
        54,2.178731126E+000,1.964466470E+000,2.135404215E-010
        55,2.080000000E+000,1.866153846E+000,1.177990344E-010
        56,2.178351504E+000,1.863298984E+000,6.420054072E-011
        57,2.080000000E+000,1.763076923E+000,4.284107097E-011
        58,2.178249395E+000,1.762322300E+000,3.147497193E-011
        59,2.080000000E+000,1.660000000E+000,7.445043713E-012
        60,2.178272577E+000,1.662064844E+000,2.407741367E-011
        61,2.078781499E+000,1.563555617E+000,9.090596331E-012
        62,2.178081724E+000,1.563876940E+000,8.955142877E-011
        63,1.980000000E+000,1.660000000E+000,0.000000000E+000
        64,1.979124271E+000,1.563680529E+000,3.419377140E-015
        65,1.880000000E+000,1.660000000E+000,2.177233050E-018
        66,1.879392702E+000,1.563821318E+000,3.064796152E-017
        67,1.780000000E+000,1.660000000E+000,3.636668544E-018
        68,1.779618311E+000,1.563874084E+000,1.849357474E-017
        69,1.680000000E+000,1.660000000E+000,2.364896757E-018
        70,1.679782640E+000,1.563834717E+000,1.185127637E-017
        71,1.580000000E+000,1.660000000E+000,1.440056306E-018
        72,1.579869171E+000,1.563732311E+000,7.483012484E-018
        73,1.480000000E+000,1.660000000E+000,8.139533225E-019
        74,1.479876414E+000,1.563603606E+000,4.426651258E-018
        75,1.380000000E+000,1.660000000E+000,3.972291132E-019
        76,1.379816948E+000,1.563481873E+000,2.314018532E-018
        77,1.280000000E+000,1.660000000E+000,1.525518539E-019
        78,1.279713967E+000,1.563394229E+000,9.864305615E-019
        79,1.180000000E+000,1.660000000E+000,4.007652586E-020
        80,1.179601731E+000,1.563363030E+000,3.000072412E-019
        81,1.080000000E+000,1.660000000E+000,5.726953467E-021
        82,1.079529783E+000,1.563398102E+000,5.018684430E-020
        83,9.800000000E-001,1.660000000E+000,3.427076830E-022
        84,9.795579064E-001,1.563489052E+000,2.392749977E-021
        85,8.800000000E-001,1.660000000E+000,1.182658376E-023
        86,8.797380029E-001,1.563631490E+000,2.836879373E-022
        87,7.800000000E-001,1.660000000E+000,5.852566944E-025
        88,7.801111495E-001,1.563879361E+000,1.618588466E-022
        89,6.800000000E-001,1.660000000E+000,1.428128977E-026
        90,6.807459911E-001,1.564412059E+000,1.430641661E-022
        91,5.800000000E-001,1.660000000E+000,0.000000000E+000
        92,5.818562237E-001,1.565676399E+000,1.664030009E-022
        93,4.834779748E-001,1.664623905E+000,3.414260995E-025
        94,4.842292519E-001,1.568962833E+000,1.534650762E-022
        95,5.800000000E-001,1.753750000E+000,0.000000000E+000
        96,4.833753413E-001,1.759715382E+000,6.186324352E-028
        97,5.800000000E-001,1.847500000E+000,0.000000000E+000
        98,4.835741590E-001,1.854509307E+000,6.926028514E-030
        99,5.800000000E-001,1.941250000E+000,0.000000000E+000
       100,4.839912204E-001,1.949061242E+000,2.494970597E-032
       101,5.800000000E-001,2.035000000E+000,0.000000000E+000
       102,4.846355171E-001,2.043308161E+000,7.032249739E-035
       103,5.800000000E-001,2.128750000E+000,0.000000000E+000
       104,4.855403833E-001,2.137079634E+000,5.084673135E-037
       105,5.800000000E-001,2.222500000E+000,0.000000000E+000
       106,4.866220792E-001,2.230159242E+000,7.582425990E-040
       107,5.800000000E-001,2.316250000E+000,0.000000000E+000
       108,4.872641311E-001,2.322659572E+000,5.885453550E-044
       109,5.800000000E-001,2.410000000E+000,0.000000000E+000
       110,4.854315502E-001,2.416524385E+000,0.000000000E+000
       111,5.788273687E-001,2.521328204E+000,0.000000000E+000
       112,4.758670859E-001,2.520558960E+000,0.000000000E+000
       113,6.800000000E-001,2.410000000E+000,0.000000000E+000
       114,6.817993399E-001,2.519494449E+000,0.000000000E+000
       115,7.800000000E-001,2.410000000E+000,0.000000000E+000
       116,7.841807523E-001,2.515607363E+000,0.000000000E+000
       117,8.800000000E-001,2.410000000E+000,0.000000000E+000
       118,8.853825655E-001,2.510319475E+000,0.000000000E+000
       119,9.800000000E-001,2.410000000E+000,0.000000000E+000
       120,9.853946441E-001,2.505592407E+000,0.000000000E+000
       121,1.080000000E+000,2.410000000E+000,0.000000000E+000
       122,1.084976013E+000,2.502033567E+000,0.000000000E+000
       123,1.180000000E+000,2.410000000E+000,0.000000000E+000
       124,1.184622710E+000,2.499473175E+000,0.000000000E+000
       125,1.280000000E+000,2.410000000E+000,0.000000000E+000
       126,1.284358891E+000,2.497671812E+000,0.000000000E+000
       127,1.380000000E+000,2.410000000E+000,0.000000000E+000
       128,1.383974927E+000,2.496359460E+000,0.000000000E+000
       129,1.480000000E+000,2.410000000E+000,0.000000000E+000
       130,1.483390220E+000,2.495448343E+000,0.000000000E+000
       131,1.580000000E+000,2.410000000E+000,0.000000000E+000
       132,1.582583142E+000,2.494861175E+000,0.000000000E+000
       133,2.847500000E+000,1.080000000E+000,9.331046604E-003
       134,2.857735765E+000,1.181622316E+000,7.763294503E-003
       135,2.941250000E+000,1.080000000E+000,3.671105020E-003
       136,2.954004855E+000,1.179472868E+000,3.899957752E-003
       137,3.035000000E+000,1.080000000E+000,1.043102122E-003
       138,3.048645501E+000,1.177966436E+000,1.901677577E-003
       139,3.128750000E+000,1.080000000E+000,2.907974995E-004
       140,3.142526594E+000,1.176840111E+000,1.049402636E-003
       141,3.222500000E+000,1.080000000E+000,1.255368115E-004
       142,3.235951876E+000,1.175788434E+000,6.288972218E-004
       143,3.316250000E+000,1.080000000E+000,5.886130020E-005
       144,3.328961254E+000,1.174586895E+000,3.701561945E-004
       145,3.410000000E+000,1.080000000E+000,5.164359754E-005
       146,3.421606820E+000,1.173193169E+000,2.131203801E-004
       147,3.510142887E+000,1.078890560E+000,1.036037793E-004
       148,3.514405317E+000,1.172153181E+000,1.188655006E-004
       149,3.410000000E+000,9.800000000E-001,8.545650780E-005
       150,3.508937577E+000,9.817277156E-001,2.756450267E-004
       151,3.410000000E+000,8.800000000E-001,1.864243241E-004
       152,3.508610329E+000,8.829582219E-001,1.306022285E-003
       153,3.410000000E+000,7.800000000E-001,3.545434156E-004
       154,3.508495233E+000,7.835747007E-001,5.575684831E-003
       155,3.410000000E+000,6.800000000E-001,1.822147146E-002
       156,3.508411191E+000,6.840656191E-001,2.359607443E-002
       157,3.410000000E+000,5.800000000E-001,6.237169355E-002
       158,3.508296886E+000,5.848725287E-001,5.993164331E-002
       159,3.410675073E+000,4.843641699E-001,1.216363385E-001
       160,3.508138013E+000,4.870166869E-001,1.046421826E-001
       161,3.316250000E+000,5.800000000E-001,9.243041277E-002
       162,3.314907066E+000,4.833129451E-001,1.361806393E-001
       163,3.222500000E+000,5.800000000E-001,1.011878550E-001
       164,3.219781525E+000,4.828454334E-001,1.497850418E-001
       165,3.128750000E+000,5.800000000E-001,1.120487601E-001
       166,3.124982324E+000,4.826820460E-001,1.619446874E-001
       167,3.035000000E+000,5.800000000E-001,1.236617565E-001
       168,3.030422532E+000,4.827255533E-001,1.724457592E-001
       169,2.941250000E+000,5.800000000E-001,1.347015947E-001
       170,2.936178497E+000,4.828924369E-001,1.811170727E-001
       171,2.847500000E+000,5.800000000E-001,1.441446394E-001
       172,2.842516810E+000,4.829806726E-001,1.879757196E-001
       173,2.753750000E+000,5.800000000E-001,1.513876766E-001
       174,2.749876187E+000,4.823724716E-001,1.933829486E-001
       175,2.660000000E+000,5.800000000E-001,1.270347834E-001
       176,2.658651652E+000,4.792361368E-001,1.974661052E-001
       177,2.565102288E+000,5.646916777E-001,1.320005953E-001
       178,2.568581600E+000,4.689230628E-001,1.985879838E-001
       179,2.660000000E+000,6.800000000E-001,9.136751294E-002
       180,2.563112987E+000,6.629566658E-001,9.211298078E-002
       181,2.660000000E+000,7.800000000E-001,7.586048543E-002
       182,2.561619289E+000,7.619563550E-001,7.361365110E-002
       183,2.660000000E+000,8.800000000E-001,6.195179000E-002
       184,2.559717597E+000,8.610945098E-001,5.984512717E-002
       185,2.660000000E+000,9.800000000E-001,4.885693640E-002
       186,2.556254263E+000,9.602463267E-001,4.685405269E-002
       187,2.549406486E+000,1.059951984E+000,3.255669400E-002
       188,2.535312758E+000,1.162483078E+000,1.632381603E-002
       189,2.649212114E+000,1.310526273E+000,4.935540725E-003
       190,2.515219091E+000,1.271866797E+000,3.608019091E-003
       191,2.770777700E+000,1.291185440E+000,6.298250053E-003
       192,2.847500000E+000,2.410000000E+000,1.777561032E-008
       193,2.837568736E+000,2.506633191E+000,3.367900447E-008
       194,2.941250000E+000,2.410000000E+000,5.423901328E-010
       195,2.933116361E+000,2.507008421E+000,9.036757120E-009
       196,3.035000000E+000,2.410000000E+000,7.268763924E-010
       197,3.028348573E+000,2.507252463E+000,3.447640173E-009
       198,3.128750000E+000,2.410000000E+000,2.591002413E-010
       199,3.123435872E+000,2.507450086E+000,1.223138257E-009
       200,3.222500000E+000,2.410000000E+000,1.054727000E-010
       201,3.218517121E+000,2.507609878E+000,4.408715060E-010
       202,3.316250000E+000,2.410000000E+000,4.430176018E-011
       203,3.313762287E+000,2.507697351E+000,1.648428199E-010
       204,3.410000000E+000,2.410000000E+000,1.450425023E-011
       205,3.409487231E+000,2.507648200E+000,6.387124857E-011
       206,3.507176008E+000,2.410052052E+000,5.123328845E-012
       207,3.506566449E+000,2.507340758E+000,2.491414366E-011
       208,3.410000000E+000,2.316250000E+000,1.079082223E-011
       209,3.507320175E+000,2.314206538E+000,6.562615729E-011
       210,3.410000000E+000,2.222500000E+000,6.033366029E-010
       211,3.507278485E+000,2.218885876E+000,2.741047167E-009
       212,3.410000000E+000,2.128750000E+000,2.552628775E-009
       213,3.507139276E+000,2.123785062E+000,1.417816176E-008
       214,3.410000000E+000,2.035000000E+000,4.249780083E-009
       215,3.506880963E+000,2.028753286E+000,1.801429050E-008
       216,3.410000000E+000,1.941250000E+000,2.969965784E-008
       217,3.506361989E+000,1.933649123E+000,4.627451062E-007
       218,3.410000000E+000,1.847500000E+000,2.740890004E-008
       219,3.505250696E+000,1.838261062E+000,2.218110694E-006
       220,3.410000000E+000,1.753750000E+000,8.470223293E-006
       221,3.502807811E+000,1.742206673E+000,1.138599055E-005
       222,3.410000000E+000,1.660000000E+000,2.767476872E-005
       223,3.497172721E+000,1.644658680E+000,3.043104698E-005
       224,3.391231317E+000,1.554382819E+000,9.281762323E-005
       225,3.483066692E+000,1.543610905E+000,8.011639147E-005
       226,3.316250000E+000,1.660000000E+000,4.031967910E-005
       227,3.298514324E+000,1.559143877E+000,1.121463065E-004
       228,3.222500000E+000,1.660000000E+000,4.685073145E-005
       229,3.205459638E+000,1.561610966E+000,1.423660724E-004
       230,3.128750000E+000,1.660000000E+000,5.826894630E-005
       231,3.112224431E+000,1.563166712E+000,1.844935468E-004
       232,3.035000000E+000,1.660000000E+000,7.275714597E-005
       233,3.018985328E+000,1.564579755E+000,2.341060172E-004
       234,2.941250000E+000,1.660000000E+000,8.598573186E-005
       235,2.926036077E+000,1.566416397E+000,2.770723077E-004
       236,2.847500000E+000,1.660000000E+000,8.974433149E-005
       237,2.833951303E+000,1.569151312E+000,2.829931327E-004
       238,2.753750000E+000,1.660000000E+000,7.447200187E-005
       239,2.743707453E+000,1.572880904E+000,2.099331032E-004
       240,2.660000000E+000,1.660000000E+000,3.767553790E-005
       241,2.656013274E+000,1.576074220E+000,1.065853430E-004
       242,2.566022305E+000,1.663225593E+000,1.903958946E-005
       243,2.567227055E+000,1.573541921E+000,5.154488463E-005
       244,2.660000000E+000,1.753750000E+000,1.162625085E-005
       245,2.565338889E+000,1.756556447E+000,9.179670997E-006
       246,2.660000000E+000,1.847500000E+000,7.441949947E-006
       247,2.565050864E+000,1.851064172E+000,5.720403351E-006
       248,2.660000000E+000,1.941250000E+000,5.095993856E-006
       249,2.565028508E+000,1.945862405E+000,3.873803507E-006
       250,2.660000000E+000,2.035000000E+000,3.565781299E-006
       251,2.565221082E+000,2.040450422E+000,2.699698598E-006
       252,2.660000000E+000,2.128750000E+000,2.491982741E-006
       253,2.565575482E+000,2.134347371E+000,1.879806746E-006
       254,2.660000000E+000,2.222500000E+000,1.713557708E-006
       255,2.565819268E+000,2.226984270E+000,1.286193879E-006
       256,2.660000000E+000,2.316250000E+000,1.142430733E-006
       257,2.564929062E+000,2.317891050E+000,8.539835221E-007
       258,2.559972687E+000,2.407542664E+000,5.401727776E-007
       259,2.544083267E+000,2.499351099E+000,3.055105537E-007
       260,2.629684454E+000,2.600569854E+000,1.667688423E-007
       261,2.527993174E+000,2.596372273E+000,1.458952994E-007
       262,2.729184668E+000,2.602725313E+000,9.225507114E-008
       263,1.582222222E+000,3.000000000E+000,0.000000000E+000
       264,1.584149939E+000,2.916087151E+000,0.000000000E+000
       265,1.483333333E+000,3.000000000E+000,0.000000000E+000
       266,1.485813779E+000,2.916656593E+000,0.000000000E+000
       267,1.384444444E+000,3.000000000E+000,0.000000000E+000
       268,1.387168402E+000,2.917518048E+000,0.000000000E+000
       269,1.285555556E+000,3.000000000E+000,0.000000000E+000
       270,1.288638965E+000,2.918595919E+000,0.000000000E+000
       271,1.186666667E+000,3.000000000E+000,0.000000000E+000
       272,1.191087119E+000,2.919773674E+000,0.000000000E+000
       273,1.087777778E+000,3.000000000E+000,0.000000000E+000
       274,1.096123087E+000,2.920619102E+000,0.000000000E+000
       275,9.888888889E-001,3.000000000E+000,0.000000000E+000
       276,1.005883487E+000,2.919245669E+000,0.000000000E+000
       277,8.900000000E-001,3.000000000E+000,0.000000000E+000
       278,9.202228872E-001,2.908064124E+000,0.000000000E+000
       279,7.911111111E-001,3.000000000E+000,0.000000000E+000
       280,8.270996967E-001,2.857229693E+000,0.000000000E+000
       281,6.922222222E-001,3.000000000E+000,0.000000000E+000
       282,7.005743464E-001,2.870092388E+000,0.000000000E+000
       283,5.933333333E-001,3.000000000E+000,0.000000000E+000
       284,5.898368955E-001,2.876298388E+000,0.000000000E+000
       285,4.944444444E-001,3.000000000E+000,0.000000000E+000
       286,4.827153235E-001,2.881152954E+000,0.000000000E+000
       287,3.955555556E-001,3.000000000E+000,0.000000000E+000
       288,3.766784646E-001,2.888827348E+000,0.000000000E+000
       289,2.966666667E-001,3.000000000E+000,0.000000000E+000
       290,2.834950926E-001,2.908079059E+000,0.000000000E+000
       291,1.977777778E-001,3.000000000E+000,0.000000000E+000
       292,1.936507975E-001,2.907687920E+000,0.000000000E+000
       293,9.888888889E-002,3.000000000E+000,0.000000000E+000
       294,9.839923630E-002,2.903804398E+000,0.000000000E+000
       295,0.000000000E+000,2.900000000E+000,0.000000000E+000
       296,6.800000000E-001,1.080000000E+000,1.235842754E-014
       297,6.809495488E-001,1.177523665E+000,8.364596044E-015
       298,5.824739765E-001,1.178167125E+000,6.621508541E-015
       299,5.800000000E-001,1.080000000E+000,1.386183479E-014
       300,1.000000000E-001,0.000000000E+000,1.142826220E-018
       301,1.020461735E-001,9.799602415E-002,5.330058638E-021
       302,0.000000000E+000,1.000000000E-001,0.000000000E+000
       303,2.000000000E-001,0.000000000E+000,9.467379366E-016
       304,2.045063614E-001,9.578577070E-002,3.601164298E-018
       305,3.000000000E-001,0.000000000E+000,9.455962421E-016
       306,3.073687170E-001,9.341279887E-002,1.380448346E-015
       307,4.000000000E-001,0.000000000E+000,0.000000000E+000
       308,4.107373747E-001,9.168970928E-002,3.026785907E-013
       309,5.000000000E-001,0.000000000E+000,2.094263790E-010
       310,5.181662852E-001,9.389206832E-002,1.115740347E-010
       311,6.000000000E-001,0.000000000E+000,4.078716302E-006
       312,6.187048753E-001,8.742172330E-002,1.038083397E-009
       313,7.000000000E-001,0.000000000E+000,4.078507118E-006
       314,7.101412574E-001,8.349307336E-002,4.805980716E-004
       315,8.000000000E-001,0.000000000E+000,4.979530349E-004
       316,8.007852047E-001,8.480154097E-002,5.698576570E-003
       317,9.000000000E-001,0.000000000E+000,1.631297637E-003
       318,8.947023068E-001,8.966310871E-002,1.418102812E-002
       319,1.000000000E+000,0.000000000E+000,2.481997712E-003
       320,9.927946641E-001,9.346341984E-002,1.887380891E-002
       321,1.100000000E+000,0.000000000E+000,2.618530765E-003
       322,1.092731278E+000,9.581156373E-002,1.968045719E-002
       323,1.200000000E+000,0.000000000E+000,2.605350921E-003
       324,1.193321047E+000,9.697427373E-002,1.897724718E-002
       325,1.300000000E+000,0.000000000E+000,3.016587812E-003
       326,1.294018303E+000,9.744372817E-002,1.844873652E-002
       327,1.400000000E+000,0.000000000E+000,4.164491314E-003
       328,1.394614629E+000,9.759949179E-002,1.848950610E-002
       329,1.500000000E+000,0.000000000E+000,6.372724194E-003
       330,1.495068137E+000,9.765941128E-002,1.951397024E-002
       331,1.600000000E+000,0.000000000E+000,9.829265065E-003
       332,1.595386099E+000,9.772116305E-002,2.186034620E-002
       333,1.700000000E+000,0.000000000E+000,1.445329655E-002
       334,1.695591436E+000,9.784171659E-002,2.567358688E-002
       335,1.800000000E+000,0.000000000E+000,1.984621771E-002
       336,1.795711494E+000,9.808661527E-002,3.082842939E-002
       337,1.900000000E+000,0.000000000E+000,2.538154274E-002
       338,1.895774717E+000,9.856250894E-002,3.694665432E-002
       339,2.000000000E+000,0.000000000E+000,3.040432371E-002
       340,1.995832442E+000,9.943788191E-002,4.350786656E-002
       341,2.100000000E+000,0.000000000E+000,3.444783390E-002
       342,2.096019652E+000,1.009421747E-001,5.005040020E-002
       343,2.200000000E+000,0.000000000E+000,3.736155853E-002
       344,2.196644079E+000,1.033271463E-001,5.642990023E-002
       345,2.300000000E+000,0.000000000E+000,3.925697878E-002
       346,2.298313050E+000,1.067826515E-001,6.244485453E-002
       347,2.400000000E+000,0.000000000E+000,4.012782872E-002
       348,2.402010330E+000,1.112058946E-001,6.751038134E-002
       349,2.500000000E+000,0.000000000E+000,3.865428641E-002
       350,2.508600902E+000,1.150477881E-001,6.844722480E-002
       351,2.600000000E+000,0.000000000E+000,3.477903083E-002
       352,2.611935691E+000,1.081580767E-001,6.520165503E-002
       353,2.700000000E+000,0.000000000E+000,2.998846211E-002
       354,2.711603999E+000,1.024040128E-001,6.020842865E-002
       355,2.800000000E+000,0.000000000E+000,2.547478117E-002
       356,2.810018588E+000,9.907023158E-002,5.355003104E-002
       357,2.900000000E+000,0.000000000E+000,2.182935737E-002
       358,2.908317563E+000,9.734130706E-002,4.685748741E-002
       359,3.000000000E+000,0.000000000E+000,1.854928397E-002
       360,3.006808593E+000,9.651525301E-002,4.038001969E-002
       361,3.100000000E+000,0.000000000E+000,1.535384264E-002
       362,3.105515835E+000,9.618791281E-002,3.390263766E-002
       363,3.200000000E+000,0.000000000E+000,1.223089360E-002
       364,3.204414594E+000,9.615446480E-002,2.748317458E-002
       365,3.300000000E+000,0.000000000E+000,9.289906360E-003
       366,3.303489486E+000,9.632009670E-002,2.137903683E-002
       367,3.400000000E+000,0.000000000E+000,6.770348642E-003
       368,3.402730168E+000,9.664606789E-002,1.598834991E-002
       369,3.500000000E+000,0.000000000E+000,4.806545097E-003
       370,3.502116257E+000,9.711039250E-002,1.152310893E-002
       371,3.600000000E+000,0.000000000E+000,3.311771434E-003
       372,3.601609344E+000,9.767585945E-002,7.948874496E-003
       373,3.700000000E+000,0.000000000E+000,2.190358238E-003
       374,3.701168960E+000,9.828841402E-002,5.201193970E-003
       375,3.800000000E+000,0.000000000E+000,1.371613122E-003
       376,3.800767209E+000,9.889227800E-002,3.191668075E-003
       377,3.900000000E+000,0.000000000E+000,7.994158077E-004
       378,3.900381304E+000,9.946409960E-002,1.810010523E-003
       379,4.000000000E+000,1.000000000E-001,1.258777804E-003
       380,7.800000000E-001,1.080000000E+000,1.527498221E-014
       381,7.801757159E-001,1.177155866E+000,1.027852713E-014
       382,8.800000000E-001,1.080000000E+000,1.857799565E-014
       383,8.797830562E-001,1.176937909E+000,1.241758432E-014
       384,9.800000000E-001,1.080000000E+000,2.210720925E-014
       385,9.796205748E-001,1.176810907E+000,1.471207291E-014
       386,1.080000000E+000,1.080000000E+000,2.563057154E-014
       387,1.079603603E+000,1.176754178E+000,1.700871296E-014
       388,1.180000000E+000,1.080000000E+000,2.884817697E-014
       389,1.179668475E+000,1.176763145E+000,1.912443186E-014
       390,1.280000000E+000,1.080000000E+000,3.144402463E-014
       391,1.279760866E+000,1.176831926E+000,2.086949591E-014
       392,1.380000000E+000,1.080000000E+000,3.314556474E-014
       393,1.379835142E+000,1.176944148E+000,2.207518294E-014
       394,1.480000000E+000,1.080000000E+000,3.378131379E-014
       395,1.479857236E+000,1.177071754E+000,2.263151587E-014
       396,1.580000000E+000,1.080000000E+000,3.331733625E-014
       397,1.579806999E+000,1.177180650E+000,2.251062733E-014
       398,1.680000000E+000,1.080000000E+000,3.184544032E-014
       399,1.679679214E+000,1.177242211E+000,2.176279719E-014
       400,1.780000000E+000,1.080000000E+000,2.708816109E-014
       401,1.779468086E+000,1.177235680E+000,2.047882060E-014
       402,1.880000000E+000,1.080000000E+000,1.165039609E-014
       403,1.879110761E+000,1.177141273E+000,3.193264406E-014
       404,1.980000000E+000,1.080000000E+000,5.382325696E-009
       405,1.978316249E+000,1.176929657E+000,6.441579214E-011
       406,2.080000000E+000,1.080000000E+000,1.289792272E-004
       407,2.076040960E+000,1.176581330E+000,3.960245749E-007
       408,2.169571093E+000,1.084039942E+000,2.356080804E-004
       409,2.168723032E+000,1.176317008E+000,6.702736641E-007
       410,2.080000000E+000,9.800000000E-001,7.341882447E-004
       411,2.171510233E+000,9.892217059E-001,1.651661587E-003
       412,2.080000000E+000,8.800000000E-001,1.172687858E-003
       413,2.173221351E+000,8.922254732E-001,3.074306296E-003
       414,2.080000000E+000,7.800000000E-001,7.593788323E-004
       415,2.174502681E+000,7.939791930E-001,2.710043686E-003
       416,2.080000000E+000,6.800000000E-001,2.492240164E-003
       417,2.175641120E+000,6.953145937E-001,3.248939291E-003
       418,2.080000000E+000,5.800000000E-001,6.280109286E-002
       419,2.177088350E+000,5.971189348E-001,5.477845296E-002
       420,2.081399967E+000,4.913026912E-001,1.395856291E-001
       421,2.179556702E+000,5.018902990E-001,1.337690800E-001
       422,1.980000000E+000,5.800000000E-001,1.226223707E-001
       423,1.981989922E+000,4.873575204E-001,1.446215957E-001
       424,1.880000000E+000,5.800000000E-001,1.247115359E-001
       425,1.882180889E+000,4.856525132E-001,1.452704668E-001
       426,1.780000000E+000,5.800000000E-001,1.246234104E-001
       427,1.782193467E+000,4.848722964E-001,1.440999657E-001
       428,1.680000000E+000,5.800000000E-001,1.224969923E-001
       429,1.682082700E+000,4.845137248E-001,1.413006932E-001
       430,1.580000000E+000,5.800000000E-001,1.182740554E-001
       431,1.581846441E+000,4.843642951E-001,1.368716210E-001
       432,1.480000000E+000,5.800000000E-001,1.117613763E-001
       433,1.481469377E+000,4.843261528E-001,1.306836903E-001
       434,1.380000000E+000,5.800000000E-001,1.026453748E-001
       435,1.380934112E+000,4.843587103E-001,1.225447133E-001
       436,1.280000000E+000,5.800000000E-001,9.055580944E-002
       437,1.280136211E+000,4.843587931E-001,1.123764515E-001
       438,1.180000000E+000,5.800000000E-001,7.554616034E-002
       439,1.178936081E+000,4.840061105E-001,1.007342413E-001
       440,1.080000000E+000,5.800000000E-001,5.932823941E-002
       441,1.077085552E+000,4.829519927E-001,8.953275532E-002
       442,9.800000000E-001,5.800000000E-001,4.615238309E-002
       443,9.740319153E-001,4.812218693E-001,8.037066460E-002
       444,8.800000000E-001,5.800000000E-001,3.803181648E-002
       445,8.696279090E-001,4.808975162E-001,7.569512725E-002
       446,7.800000000E-001,5.800000000E-001,1.752278768E-002
       447,7.745482960E-001,4.937057016E-001,3.247122094E-002
       448,6.800000000E-001,5.800000000E-001,1.756505117E-005
       449,6.864445019E-001,5.026828209E-001,1.331731255E-005
       450,5.800000000E-001,5.800000000E-001,1.756508027E-005
       451,5.996911320E-001,5.046234203E-001,1.146502338E-009
       452,4.987689913E-001,5.878139860E-001,9.698498671E-010
       453,5.153813151E-001,5.030273991E-001,1.249113701E-009
       454,5.800000000E-001,6.800000000E-001,2.993121029E-011
       455,4.915778557E-001,6.833838001E-001,4.947827087E-013
       456,5.800000000E-001,7.800000000E-001,3.330311626E-014
       457,4.880958533E-001,7.819233254E-001,8.023135379E-014
       458,5.800000000E-001,8.800000000E-001,4.654499239E-014
       459,4.863611083E-001,8.814548407E-001,2.357597116E-014
       460,5.800000000E-001,9.800000000E-001,2.159697354E-014
       461,4.855131578E-001,9.812228871E-001,1.084346337E-014
       462,4.852427443E-001,1.080787694E+000,6.454706578E-015
       463,4.857441751E-001,1.179562675E+000,2.909380720E-015
       464,5.832097558E-001,1.275959045E+000,1.816831250E-015
       465,4.858559497E-001,1.277801636E+000,7.120699468E-016
       466,6.814300629E-001,1.274843640E+000,2.458416356E-015
       467,0.000000000E+000,2.800000000E+000,0.000000000E+000
       468,1.009131813E-001,2.807549919E+000,0.000000000E+000
       469,0.000000000E+000,2.700000000E+000,0.000000000E+000
       470,1.094749424E-001,2.707911376E+000,0.000000000E+000
       471,0.000000000E+000,2.600000000E+000,0.000000000E+000
       472,1.162692808E-001,2.601707333E+000,0.000000000E+000
       473,0.000000000E+000,2.500000000E+000,0.000000000E+000
       474,1.201226554E-001,2.491497110E+000,4.203895393E-045
       475,0.000000000E+000,2.400000000E+000,0.000000000E+000
       476,1.124167223E-001,2.385656139E+000,2.564376190E-043
       477,0.000000000E+000,2.300000000E+000,0.000000000E+000
       478,1.057292298E-001,2.284660898E+000,4.929207478E-041
       479,0.000000000E+000,2.200000000E+000,0.000000000E+000
       480,1.015842242E-001,2.185652933E+000,1.071858520E-038
       481,0.000000000E+000,2.100000000E+000,0.000000000E+000
       482,9.919751181E-002,2.087139562E+000,4.870573227E-038
       483,0.000000000E+000,2.000000000E+000,0.000000000E+000
       484,9.783603061E-002,1.988589999E+000,1.474524932E-035
       485,0.000000000E+000,1.900000000E+000,0.000000000E+000
       486,9.706964278E-002,1.889871827E+000,2.974876267E-033
       487,0.000000000E+000,1.800000000E+000,0.000000000E+000
       488,9.668040221E-002,1.790976510E+000,6.113404491E-033
       489,0.000000000E+000,1.700000000E+000,0.000000000E+000
       490,9.656326062E-002,1.691919957E+000,1.940817909E-030
       491,0.000000000E+000,1.600000000E+000,0.000000000E+000
       492,9.665270311E-002,1.592716398E+000,2.607046625E-028
       493,0.000000000E+000,1.500000000E+000,0.000000000E+000
       494,9.688127348E-002,1.493374204E+000,3.251578725E-027
       495,0.000000000E+000,1.400000000E+000,0.000000000E+000
       496,9.717598480E-002,1.393893745E+000,1.881772223E-026
       497,0.000000000E+000,1.300000000E+000,0.000000000E+000
       498,9.747922021E-002,1.294262137E+000,6.488531322E-026
       499,0.000000000E+000,1.200000000E+000,0.000000000E+000
       500,9.777452722E-002,1.194466759E+000,1.942757210E-025
       501,0.000000000E+000,1.100000000E+000,0.000000000E+000
       502,9.809715998E-002,1.094512691E+000,6.683839970E-025
       503,0.000000000E+000,1.000000000E+000,0.000000000E+000
       504,9.853258618E-002,9.944385187E-001,3.380314338E-024
       505,0.000000000E+000,9.000000000E-001,0.000000000E+000
       506,9.919411315E-002,8.943323324E-001,1.458919516E-023
       507,0.000000000E+000,8.000000000E-001,0.000000000E+000
       508,1.002123956E-001,7.942997410E-001,1.298569811E-023
       509,0.000000000E+000,7.000000000E-001,0.000000000E+000
       510,1.017318555E-001,6.943946452E-001,6.403172103E-022
       511,0.000000000E+000,6.000000000E-001,0.000000000E+000
       512,1.038440538E-001,5.945326182E-001,6.556281801E-022
       513,0.000000000E+000,5.000000000E-001,0.000000000E+000
       514,1.063183367E-001,4.943610309E-001,0.000000000E+000
       515,0.000000000E+000,4.000000000E-001,0.000000000E+000
       516,1.081195811E-001,3.940394957E-001,1.893282896E-023
       517,0.000000000E+000,3.000000000E-001,0.000000000E+000
       518,1.067691814E-001,2.945171871E-001,9.263840239E-022
       519,0.000000000E+000,2.000000000E-001,0.000000000E+000
       520,1.045316648E-001,1.960092639E-001,9.011817734E-022
       521,4.000000000E+000,2.000000000E-001,3.034802154E-003
       522,3.900739414E+000,1.989543895E-001,4.439107142E-003
       523,4.000000000E+000,3.000000000E-001,5.493575707E-003
       524,3.901048194E+000,2.985072963E-001,8.066548966E-003
       525,4.000000000E+000,4.000000000E-001,1.103996392E-002
       526,3.901298363E+000,3.981382180E-001,1.645709202E-002
       527,4.000000000E+000,5.000000000E-001,1.668375731E-002
       528,3.901489839E+000,4.978410418E-001,2.413068525E-002
       529,4.000000000E+000,6.000000000E-001,1.720356941E-002
       530,3.901627910E+000,5.976044039E-001,2.335097268E-002
       531,4.000000000E+000,7.000000000E-001,1.450038701E-002
       532,3.901716830E+000,6.974121998E-001,1.848176494E-002
       533,4.000000000E+000,8.000000000E-001,1.093812939E-002
       534,3.901740934E+000,7.972375074E-001,1.314633526E-002
       535,4.000000000E+000,9.000000000E-001,7.547806017E-003
       536,3.901637601E+000,8.970412097E-001,8.578609675E-003
       537,4.000000000E+000,1.000000000E+000,4.717672244E-003
       538,3.901270458E+000,9.967856720E-001,5.071854685E-003
       539,4.000000000E+000,1.100000000E+000,2.575427061E-003
       540,3.900414292E+000,1.096504797E+000,2.598445397E-003
       541,4.000000000E+000,1.200000000E+000,1.146616880E-003
       542,3.898797724E+000,1.196438946E+000,1.062362455E-003
       543,4.000000000E+000,1.300000000E+000,3.900796582E-004
       544,3.896369226E+000,1.297161879E+000,3.268474538E-004
       545,4.000000000E+000,1.400000000E+000,1.105367846E-004
       546,3.894090856E+000,1.399362090E+000,9.044360922E-005
       547,4.000000000E+000,1.500000000E+000,3.610583008E-005
       548,3.894738761E+000,1.502452019E+000,3.285642379E-005
       549,4.000000000E+000,1.600000000E+000,1.590476677E-005
       550,3.896363137E+000,1.604627475E+000,1.631152554E-005
       551,4.000000000E+000,1.700000000E+000,8.516175512E-006
       552,3.897882868E+000,1.705662346E+000,9.200164641E-006
       553,4.000000000E+000,1.800000000E+000,4.853772225E-006
       554,3.898993498E+000,1.805846705E+000,5.258187684E-006
       555,4.000000000E+000,1.900000000E+000,2.744053972E-006
       556,3.899722293E+000,1.905511657E+000,2.904301482E-006
       557,4.000000000E+000,2.000000000E+000,1.473961106E-006
       558,3.900186426E+000,2.004909167E+000,1.503787871E-006
       559,4.000000000E+000,2.100000000E+000,7.204859003E-007
       560,3.900497151E+000,2.104204578E+000,7.020296948E-007
       561,4.000000000E+000,2.200000000E+000,3.010252385E-007
       562,3.900720454E+000,2.203494733E+000,2.769799892E-007
       563,4.000000000E+000,2.300000000E+000,9.611210317E-008
       564,3.900866826E+000,2.302829028E+000,8.174355770E-008
       565,4.000000000E+000,2.400000000E+000,1.877140932E-008
       566,3.900910070E+000,2.402230000E+000,1.416981021E-008
       567,4.000000000E+000,2.500000000E+000,1.307685848E-009
       568,3.900820461E+000,2.501706510E+000,8.346106029E-010
       569,4.000000000E+000,2.600000000E+000,1.617515323E-011
       570,3.900592259E+000,2.601256740E+000,8.850841934E-012
       571,4.000000000E+000,2.700000000E+000,4.643584237E-013
       572,3.900250788E+000,2.700873680E+000,9.060454210E-013
       573,4.000000000E+000,2.800000000E+000,2.353752772E-013
       574,3.899838114E+000,2.800547833E+000,4.669336207E-013
       575,4.000000000E+000,2.900000000E+000,6.444546502E-014
       576,3.899393746E+000,2.900261921E+000,1.293718279E-013
       577,3.898947368E+000,3.000000000E+000,3.321300889E-014
       578,3.797894737E+000,3.000000000E+000,9.912038502E-014
       579,3.798820739E+000,2.900514811E+000,3.819772732E-013
       580,3.696842105E+000,3.000000000E+000,2.869379539E-013
       581,3.698320426E+000,2.900743324E+000,1.097169664E-012
       582,3.595789474E+000,3.000000000E+000,8.019176686E-013
       583,3.597923361E+000,2.900916428E+000,3.049243150E-012
       584,3.494736842E+000,3.000000000E+000,2.155194209E-012
       585,3.497658092E+000,2.901008442E+000,8.163039689E-012
       586,3.393684211E+000,3.000000000E+000,5.558491167E-012
       587,3.397536377E+000,2.901011398E+000,2.099666968E-011
       588,3.292631579E+000,3.000000000E+000,1.375643349E-011
       589,3.297543521E+000,2.900938081E+000,5.184990631E-011
       590,3.191578947E+000,3.000000000E+000,3.273696939E-011
       591,3.197632874E+000,2.900813224E+000,1.230168328E-010
       592,3.090526316E+000,3.000000000E+000,7.530084195E-011
       593,3.097730364E+000,2.900660915E+000,2.810515709E-010
       594,2.989473684E+000,3.000000000E+000,1.691095042E-010
       595,2.997741054E+000,2.900491935E+000,6.210379433E-010
       596,2.888421053E+000,3.000000000E+000,3.698457929E-010
       597,2.897558575E+000,2.900298316E+000,1.335915933E-009
       598,2.787368421E+000,3.000000000E+000,7.383910150E-010
       599,2.797076569E+000,2.900053972E+000,2.663062659E-009
       600,2.686315790E+000,3.000000000E+000,1.247459469E-009
       601,2.696196336E+000,2.899710085E+000,4.618384786E-009
       602,2.585263158E+000,3.000000000E+000,1.543603134E-009
       603,2.594830796E+000,2.899205720E+000,6.143113573E-009
       604,2.484210526E+000,3.000000000E+000,9.356631026E-010
       605,2.492906359E+000,2.898517789E+000,4.145046084E-009
       606,2.383157895E+000,3.000000000E+000,1.705397629E-010
       607,2.390367653E+000,2.897744460E+000,9.500649156E-010
       608,2.282105263E+000,3.000000000E+000,1.690415169E-011
       609,2.287208694E+000,2.897152307E+000,9.827587355E-011
       610,7.191427586E-001,1.624416792E-001,1.442696992E-002
       611,7.988789000E-001,1.665938483E-001,4.840065911E-002
       612,6.427068354E-001,1.699378874E-001,4.275726951E-006
       613,6.447009861E-001,3.222940569E-001,0.000000000E+000
       614,5.870187157E-001,3.031055648E-001,4.645060073E-015
       615,6.254321030E-001,2.587463757E-001,0.000000000E+000
       616,1.584609909E+000,2.579529390E+000,0.000000000E+000
       617,1.585708867E+000,2.663959259E+000,0.000000000E+000
       618,1.585840826E+000,2.748183819E+000,0.000000000E+000
       619,1.585215277E+000,2.832237873E+000,0.000000000E+000
       620,2.293276223E+000,2.793804855E+000,5.714924645E-010
       621,2.301200732E+000,2.688889860E+000,2.291743462E-009
       622,2.312606449E+000,2.579703634E+000,7.219297160E-009
       623,2.333044769E+000,2.456295574E+000,2.543938393E-008
       624,2.299903479E+000,2.350841046E+000,2.276545530E-008
       625,2.286919784E+000,2.253524866E+000,2.296931001E-008
       626,2.280939057E+000,2.156450527E+000,1.717705445E-008
       627,2.278072608E+000,2.058376561E+000,6.668056773E-009
       628,2.276730497E+000,1.959487300E+000,6.884549042E-010
       629,2.276204746E+000,1.860236216E+000,5.590740648E-010
       630,2.276207399E+000,1.761078077E+000,7.333414431E-010
       631,2.276641067E+000,1.662379142E+000,1.268884553E-009
       632,2.277416660E+000,1.564216914E+000,3.232040857E-009
       633,2.177793176E+000,1.465882954E+000,5.391416202E-010
       634,2.278286401E+000,1.465396541E+000,1.017219198E-008
       635,2.078071087E+000,1.466521059E+000,8.171990168E-011
       636,1.978522602E+000,1.467049067E+000,2.821216703E-014
       637,1.878963763E+000,1.467373293E+000,2.113955876E-016
       638,1.779332531E+000,1.467497072E+000,1.464383646E-016
       639,1.679596423E+000,1.467460919E+000,1.078862424E-016
       640,1.579737781E+000,1.467319657E+000,7.869167691E-017
       641,1.479757030E+000,1.467130440E+000,5.507751338E-017
       642,1.379673723E+000,1.466945721E+000,3.561364916E-017
       643,1.279525477E+000,1.466810718E+000,2.016008394E-017
       644,1.179369580E+000,1.466760168E+000,9.099397020E-018
       645,1.079284659E+000,1.466806652E+000,2.753351319E-018
       646,9.793593055E-001,1.466940770E+000,6.027596364E-019
       647,8.796721180E-001,1.467168432E+000,3.576408436E-019
       648,7.802894107E-001,1.467567962E+000,2.376580631E-019
       649,6.812930187E-001,1.468343096E+000,1.434990600E-019
       650,5.828206010E-001,1.469858717E+000,7.026329324E-020
       651,4.850517478E-001,1.472608820E+000,1.938222308E-020
       652,3.871076344E-001,1.573698157E+000,6.147099523E-023
       653,3.877023050E-001,1.476504448E+000,2.505031465E-022
       654,3.867339109E-001,1.670331819E+000,4.354154436E-026
       655,3.867813175E-001,1.766487181E+000,4.045866997E-028
       656,3.872117086E-001,1.862255299E+000,3.461102245E-030
       657,3.880438451E-001,1.957615550E+000,8.310396085E-033
       658,3.893979815E-001,2.052388081E+000,8.972480077E-035
       659,3.914510145E-001,2.146156775E+000,5.200592580E-037
       660,3.943229907E-001,2.238166159E+000,1.468876083E-039
       661,3.973585774E-001,2.327318207E+000,3.943253879E-042
       662,3.968132529E-001,2.413533234E+000,1.961817850E-044
       663,3.706544602E-001,2.509636905E+000,0.000000000E+000
       664,4.686667673E-001,2.635874628E+000,0.000000000E+000
       665,3.535431085E-001,2.629037041E+000,0.000000000E+000
       666,5.783975483E-001,2.635499636E+000,0.000000000E+000
       667,6.855877580E-001,2.630807425E+000,0.000000000E+000
       668,7.910979581E-001,2.621772584E+000,0.000000000E+000
       669,8.931339061E-001,2.608818189E+000,0.000000000E+000
       670,9.919002432E-001,2.598808355E+000,0.000000000E+000
       671,1.090004259E+000,2.592021786E+000,0.000000000E+000
       672,1.188644985E+000,2.587388833E+000,0.000000000E+000
       673,1.287799338E+000,2.584315412E+000,0.000000000E+000
       674,1.386911006E+000,2.582076137E+000,0.000000000E+000
       675,1.485819850E+000,2.580535891E+000,0.000000000E+000
       676,3.801482584E+000,1.978328426E-001,7.987497374E-003
       677,3.802105668E+000,2.968912753E-001,1.448864397E-002
       678,3.802610155E+000,3.961017196E-001,2.977868728E-002
       679,3.802986695E+000,4.954499266E-001,4.135176539E-002
       680,3.803243863E+000,5.949267175E-001,3.607434407E-002
       681,3.803399840E+000,6.945115321E-001,2.583430707E-002
       682,3.803436392E+000,7.941282917E-001,1.667912863E-002
       683,3.803254844E+000,8.936571287E-001,9.880085476E-003
       684,3.802620962E+000,9.929649529E-001,5.285491701E-003
       685,3.801078848E+000,1.092018604E+000,2.360626822E-003
       686,3.797847846E+000,1.191180362E+000,7.660225383E-004
       687,3.791965011E+000,1.291811764E+000,1.876035531E-004
       688,3.784291824E+000,1.396878392E+000,6.329032476E-005
       689,3.787960858E+000,1.505406915E+000,3.297528019E-005
       690,3.792637327E+000,1.610286879E+000,1.951165541E-005
       691,3.796202836E+000,1.712256087E+000,1.124645314E-005
       692,3.798541343E+000,1.812436759E+000,6.141950507E-006
       693,3.799974647E+000,1.911617660E+000,3.138262628E-006
       694,3.800841293E+000,2.010298798E+000,1.479397838E-006
       695,3.801388766E+000,2.108785704E+000,6.186582482E-007
       696,3.801750216E+000,2.207258208E+000,2.113321358E-007
       697,3.801956267E+000,2.305820474E+000,4.932248387E-008
       698,3.801973454E+000,2.404535978E+000,5.530611080E-009
       699,3.801754370E+000,2.503438673E+000,1.819913248E-010
       700,3.801283078E+000,2.602518336E+000,2.653658543E-012
       701,3.800593673E+000,2.701744393E+000,2.623873775E-012
       702,3.799752180E+000,2.801091040E+000,1.364634859E-012
       703,1.487249520E+000,2.833232024E+000,0.000000000E+000
       704,1.388748237E+000,2.834722216E+000,0.000000000E+000
       705,1.290476605E+000,2.836682762E+000,0.000000000E+000
       706,1.193718485E+000,2.839126398E+000,0.000000000E+000
       707,1.101157297E+000,2.841964027E+000,0.000000000E+000
       708,1.018002711E+000,2.844996360E+000,0.000000000E+000
       709,9.546731813E-001,2.846743915E+000,0.000000000E+000
       710,9.241944799E-001,2.789255909E+000,0.000000000E+000
       711,5.819225360E-001,2.754391734E+000,0.000000000E+000
       712,6.927635021E-001,2.746476823E+000,0.000000000E+000
       713,4.678895737E-001,2.759457529E+000,0.000000000E+000
       714,3.386115395E-001,2.766539384E+000,0.000000000E+000
       715,2.686214192E-001,2.834822362E+000,0.000000000E+000
       716,1.949541616E-001,2.818804831E+000,0.000000000E+000
       717,2.199992033E-001,2.724040064E+000,0.000000000E+000
       718,2.363383958E-001,2.607929728E+000,0.000000000E+000
       719,2.561957102E-001,2.474621132E+000,5.745323704E-044
       720,2.217241506E-001,2.365068792E+000,4.279565510E-042
       721,2.078399002E-001,2.267210585E+000,6.658956289E-040
       722,2.009641250E-001,2.170982633E+000,2.886679881E-038
       723,1.972757094E-001,2.074492253E+000,3.201061102E-036
       724,1.951972522E-001,1.977484102E+000,9.793822202E-034
       725,1.940292915E-001,1.880033804E+000,3.871924108E-033
       726,1.934357330E-001,1.782234756E+000,1.296573278E-030
       727,1.932599358E-001,1.684139082E+000,3.888712318E-028
       728,1.934090985E-001,1.585765471E+000,1.596921791E-027
       729,1.937801446E-001,1.487120472E+000,2.411413188E-025
       730,1.942583987E-001,1.388207962E+000,3.193952063E-024
       731,1.947511609E-001,1.289007535E+000,1.714206896E-023
       732,1.952371005E-001,1.189514787E+000,5.146109818E-023
       733,1.957839251E-001,1.089748027E+000,1.065861397E-022
       734,1.965565256E-001,9.897741615E-001,2.074006954E-022
       735,1.977839827E-001,8.897331541E-001,1.643712083E-021
       736,1.997783230E-001,7.897905785E-001,4.288786881E-021
       737,2.029673717E-001,6.900408480E-001,5.311864381E-019
       738,2.078486457E-001,5.903843039E-001,1.569179510E-018
       739,2.144566844E-001,4.894625085E-001,1.104103311E-018
       740,2.099065610E-001,1.914597209E-001,2.195349133E-018
       741,2.155717742E-001,2.878649772E-001,2.599214944E-021
       742,3.158543163E-001,1.859620934E-001,1.125623248E-015
       743,4.209679501E-001,1.808553686E-001,1.535785930E-013
       744,5.455385657E-001,1.944812135E-001,1.044158317E-013
       745,8.882515013E-001,1.777223402E-001,7.730896026E-002
       746,9.857072963E-001,1.861768997E-001,8.724407107E-002
       747,1.086187967E+000,1.910928370E-001,8.978576958E-002
       748,1.187450661E+000,1.935076497E-001,8.868855238E-002
       749,1.288733204E+000,1.944966005E-001,8.651921898E-002
       750,1.389788955E+000,1.948205748E-001,8.414923400E-002
       751,1.490575410E+000,1.949333836E-001,8.221771568E-002
       752,1.591125976E+000,1.950496262E-001,8.123814315E-002
       753,1.691480975E+000,1.952840709E-001,8.162160218E-002
       754,1.791682506E+000,1.957657432E-001,8.363255858E-002
       755,1.891775329E+000,1.966989829E-001,8.734286577E-002
       756,1.991837678E+000,1.984085556E-001,9.264307469E-002
       757,2.092061985E+000,2.013557743E-001,9.967917949E-002
       758,2.192917526E+000,2.061135791E-001,1.084497422E-001
       759,2.295517883E+000,2.133867439E-001,1.185372993E-001
       760,2.402707786E+000,2.247061605E-001,1.304106414E-001
       761,2.524428193E+000,2.454306151E-001,1.479374915E-001
       762,2.629174019E+000,2.143553735E-001,1.299095750E-001
       763,2.725036842E+000,2.023867926E-001,1.194979027E-001
       764,2.820406744E+000,1.969257212E-001,1.100220531E-001
       765,2.916592173E+000,1.943011636E-001,9.969056398E-002
       766,3.013522020E+000,1.930654443E-001,8.829242736E-002
       767,3.110964330E+000,1.925838408E-001,7.602838427E-002
       768,3.208777965E+000,1.925691439E-001,6.333530694E-002
       769,3.306915172E+000,1.928972558E-001,5.088555068E-002
       770,3.405370900E+000,1.935221222E-001,3.927583620E-002
       771,3.504129709E+000,1.944150848E-001,2.891086228E-002
       772,3.603120527E+000,1.955004866E-001,2.013895474E-002
       773,3.702256961E+000,1.966770309E-001,1.316179708E-002
       774,3.699791186E+000,2.801571423E+000,3.903040651E-012
       775,3.600018956E+000,2.801950461E+000,1.085169281E-011
       776,3.500494254E+000,2.802182332E+000,2.916827196E-011
       777,3.401248967E+000,2.802249062E+000,7.559255305E-011
       778,3.302264545E+000,2.802171227E+000,1.886838880E-010
       779,3.203451765E+000,2.801990298E+000,4.533217135E-010
       780,3.104677551E+000,2.801747146E+000,1.047303799E-009
       781,3.005782331E+000,2.801461408E+000,2.324489046E-009
       782,2.906587907E+000,2.801116239E+000,4.962341649E-009
       783,2.806900481E+000,2.800647291E+000,9.967886960E-009
       784,2.706509989E+000,2.799933888E+000,1.793307547E-008
       785,2.605190642E+000,2.798817903E+000,2.549613676E-008
       786,2.502707614E+000,2.797196841E+000,1.861817189E-008
       787,2.398838092E+000,2.795243820E+000,4.916474339E-009
       788,5.093192014E-001,2.734451767E-001,1.060551064E-014
       789,3.263672198E-001,2.779029744E-001,9.758207996E-017
       790,4.207864902E-001,2.599813981E-001,4.172399171E-015
       791,5.605782600E-001,3.603501207E-001,1.002373115E-010
       792,4.871674251E-001,3.414344750E-001,1.181306707E-013
       793,6.284106981E-001,3.709929334E-001,7.201119562E-011
       794,6.868046612E-001,3.671291160E-001,8.008704026E-005
       795,8.764188492E-001,2.663482738E-001,1.834927350E-001
       796,7.803298157E-001,1.274193414E+000,2.951165491E-015
       797,8.797068068E-001,1.273814200E+000,3.482396180E-015
       798,9.794215371E-001,1.273594226E+000,4.062084565E-015
       799,1.079368480E+000,1.273487993E+000,4.656188815E-015
       800,1.179453686E+000,1.273484575E+000,5.232524856E-015
       801,1.279590729E+000,1.273575613E+000,5.756731524E-015
       802,1.379706750E+000,1.273737154E+000,6.191335235E-015
       803,1.479747619E+000,1.273928357E+000,6.506844420E-015
       804,1.579680640E+000,1.274099631E+000,6.690375708E-015
       805,1.679494755E+000,1.274202308E+000,6.747259052E-015
       806,1.779184805E+000,1.274188606E+000,6.699749821E-015
       807,1.878709072E+000,1.273999433E+000,8.951351860E-015
       808,1.977901807E+000,1.273522609E+000,3.008081848E-012
       809,2.076373953E+000,1.272470443E+000,1.288465157E-008
       810,2.173739243E+000,1.269975248E+000,3.703499374E-008
       811,2.254190448E+000,1.173679795E+000,7.124936587E-007
       812,2.272354054E+000,1.262845922E+000,9.606208806E-008
       813,2.256923488E+000,1.089556486E+000,4.937776830E-004
       814,2.262153006E+000,9.997132508E-001,4.134397022E-003
       815,2.266290637E+000,9.053855870E-001,8.664367720E-003
       816,2.269132360E+000,8.085834450E-001,1.039534900E-002
       817,2.271369237E+000,7.107182470E-001,1.542657800E-002
       818,2.273844174E+000,6.127523977E-001,5.959197506E-002
       819,2.277387325E+000,5.154018704E-001,1.314612478E-001
       820,2.183559492E+000,4.057203389E-001,1.966901273E-001
       821,2.282533587E+000,4.173015248E-001,1.969114542E-001
       822,2.084349739E+000,3.974316710E-001,1.968126297E-001
       823,1.984746158E+000,3.928598817E-001,1.963007003E-001
       824,1.884894725E+000,3.904698276E-001,1.949828565E-001
       825,1.784863201E+000,3.892546933E-001,1.937365979E-001
       826,1.684661869E+000,3.886597509E-001,1.925241500E-001
       827,1.584269582E+000,3.883954702E-001,1.912169009E-001
       828,1.483653630E+000,3.883115345E-001,1.896327734E-001
       829,1.382759896E+000,3.883148305E-001,1.875829101E-001
       830,1.281443074E+000,3.881372508E-001,1.849901378E-001
       831,1.179517479E+000,3.872050316E-001,1.821376532E-001
       832,1.076394358E+000,3.846483188E-001,1.799106449E-001
       833,9.697076530E-001,3.791404612E-001,1.801861972E-001
       834,8.489105903E-001,3.670916488E-001,2.076552659E-001
       835,7.627155680E-001,4.098489227E-001,8.284114301E-002
       836,6.889358500E-001,4.292841483E-001,3.290312452E-005
       837,6.145059897E-001,4.332614581E-001,3.944942428E-010
       838,5.364254243E-001,4.268133694E-001,4.582441371E-010
       839,4.254704542E-001,4.959837327E-001,4.518664089E-013
       840,4.518083544E-001,4.107603055E-001,3.266151726E-013
       841,4.085487062E-001,5.883834274E-001,2.370006318E-013
       842,3.993004415E-001,6.852554880E-001,2.270450904E-016
       843,3.943126651E-001,7.839885243E-001,2.572213009E-016
       844,3.916234637E-001,8.835178250E-001,3.623912013E-017
       845,3.901829928E-001,9.832705306E-001,1.630962933E-017
       846,3.894519639E-001,1.082861886E+000,9.478038945E-018
       847,3.891445266E-001,1.182004083E+000,4.296137046E-018
       848,3.888033537E-001,1.280684809E+000,1.169194153E-018
       849,4.856392492E-001,1.375632604E+000,6.865027999E-017
       850,3.883349425E-001,1.378898447E+000,1.123682081E-019
       851,5.833034950E-001,1.373255406E+000,1.909450094E-016
       852,6.815939510E-001,1.371818282E+000,2.635758744E-016
       853,2.827256820E+000,2.603834620E+000,3.998611930E-008
       854,2.924455012E+000,2.604456803E+000,1.663460836E-008
       855,3.021141819E+000,2.604870464E+000,6.629522264E-009
       856,3.117571349E+000,2.605194042E+000,2.573947055E-009
       857,3.213952986E+000,2.605447360E+000,9.930548606E-010
       858,3.310497488E+000,2.605593345E+000,3.825586237E-010
       859,3.407457058E+000,2.605565067E+000,1.466692878E-010
       860,3.505130652E+000,2.605275582E+000,5.537051026E-011
       861,3.604457445E+000,2.506411611E+000,9.363527315E-012
       862,3.603422221E+000,2.604622517E+000,2.035488271E-011
       863,3.604964038E+000,2.408694128E+000,2.408285810E-012
       864,3.605085793E+000,2.311665115E+000,7.167644256E-010
       865,3.604976038E+000,2.215073201E+000,1.711261177E-008
       866,3.604700412E+000,2.118712305E+000,1.279682351E-007
       867,3.604206054E+000,2.022405542E+000,4.685490467E-007
       868,3.603278821E+000,1.925934048E+000,1.759793349E-006
       869,3.601463219E+000,1.828960224E+000,5.512568805E-006
       870,3.597894501E+000,1.730937975E+000,1.410375626E-005
       871,3.590973886E+000,1.631045565E+000,3.063396071E-005
       872,3.578029710E+000,1.528635135E+000,6.697198842E-005
       873,3.464531140E+000,1.445127021E+000,1.845034712E-004
       874,3.557363693E+000,1.427248891E+000,1.368744997E-004
       875,3.373198431E+000,1.455453594E+000,2.467511513E-004
       876,3.281269231E+000,1.461184087E+000,3.338692186E-004
       877,3.188711063E+000,1.464621811E+000,4.557509383E-004
       878,3.095761276E+000,1.467128897E+000,6.172208814E-004
       879,3.002719593E+000,1.469748998E+000,8.083424764E-004
       880,2.910084579E+000,1.473482156E+000,9.862021543E-004
       881,2.819005403E+000,1.479436710E+000,1.040677889E-003
       882,2.732071903E+000,1.488518312E+000,7.305819308E-004
       883,2.653332893E+000,1.498402281E+000,3.447165946E-004
       884,2.572549529E+000,1.487199215E+000,1.713706006E-004
       885,2.473708867E+000,1.569203224E+000,2.586025403E-005
       886,2.479737730E+000,1.475044377E+000,1.052472435E-004
       887,2.471120946E+000,1.663255203E+000,8.558308764E-006
       888,2.469961470E+000,1.758421301E+000,3.939974704E-006
       889,2.469555908E+000,1.854293009E+000,2.322596629E-006
       890,2.469667668E+000,1.950298881E+000,1.544500151E-006
       891,2.470279823E+000,2.045802750E+000,1.080704351E-006
       892,2.471470201E+000,2.139962369E+000,7.652699878E-007
       893,2.473161216E+000,2.231532816E+000,5.306551429E-007
       894,2.474408107E+000,2.318807394E+000,3.407949976E-007
       895,2.471310731E+000,2.400657720E+000,2.133783710E-007
       896,2.443746862E+000,2.487426455E+000,1.168501100E-007
       897,2.423500290E+000,2.588844063E+000,5.042982565E-008
       898,2.514266975E+000,2.696115019E+000,5.858925789E-008
       899,2.409415568E+000,2.692170399E+000,1.764281876E-008
       900,2.616747825E+000,2.699021781E+000,7.358408283E-008
       901,2.717459904E+000,2.700833612E+000,4.711527524E-008
       902,2.872533496E+000,1.282688528E+000,4.989226814E-003
       903,2.968967779E+000,1.278074801E+000,3.523532301E-003
       904,3.063480204E+000,1.275237474E+000,2.383803017E-003
       905,3.157071246E+000,1.273087067E+000,1.578930067E-003
       906,3.249927354E+000,1.270864264E+000,1.017203089E-003
       907,3.341782725E+000,1.268042199E+000,6.381199346E-004
       908,3.431923588E+000,1.264288059E+000,3.898737777E-004
       909,3.518952195E+000,1.260256791E+000,2.336707694E-004
       910,3.605453512E+000,1.174190338E+000,6.675071927E-005
       911,3.601352786E+000,1.259794970E+000,1.417389576E-004
       912,3.606439960E+000,1.081174928E+000,4.246337048E-004
       913,3.606744692E+000,9.845701564E-001,1.797731617E-003
       914,3.606848259E+000,8.862342643E-001,5.222068168E-003
       915,3.606839785E+000,7.871305255E-001,1.398258563E-002
       916,3.606744051E+000,6.878004693E-001,3.089535423E-002
       917,3.606549942E+000,5.886307455E-001,5.667572096E-002
       918,3.606197957E+000,4.899678629E-001,8.422768861E-002
       919,3.507287423E+000,3.893917984E-001,9.380907565E-002
       920,3.605495260E+000,3.915785336E-001,6.989071518E-002
       921,3.409621935E+000,3.875692936E-001,1.171854734E-001
       922,3.312803360E+000,3.864744028E-001,1.380507201E-001
       923,3.216579175E+000,3.859043679E-001,1.558535695E-001
       924,3.120782131E+000,3.857378327E-001,1.706583202E-001
       925,3.025398311E+000,3.859334313E-001,1.825359762E-001
       926,2.930649230E+000,3.864790251E-001,1.914562732E-001
       927,2.837122240E+000,3.873105890E-001,1.974968016E-001
       928,2.745924763E+000,3.880982341E-001,2.008683980E-001
       929,2.658714946E+000,3.876554577E-001,2.012359202E-001
       930,2.576667489E+000,3.821999858E-001,2.026041150E-001
       931,2.477484889E+000,4.504734429E-001,1.975767165E-001
       932,2.491330123E+000,3.528318932E-001,2.041092068E-001
       933,2.470666896E+000,5.478341447E-001,1.323592663E-001
       934,2.466875208E+000,6.458105159E-001,8.471987396E-002
       935,2.464200372E+000,7.441562674E-001,5.978285894E-002
       936,2.461193177E+000,8.423805974E-001,4.615750164E-002
       937,2.456177749E+000,9.400193687E-001,3.390964493E-002
       938,2.446552773E+000,1.036957585E+000,1.883246936E-002
       939,2.427130512E+000,1.134453354E+000,5.570877809E-003
       940,2.383452929E+000,1.239266851E+000,4.381489707E-004
       941,2.492309496E+000,1.377962666E+000,5.716035375E-004
       942,2.383818168E+000,1.362568325E+000,6.855328684E-005
       943,2.589346426E+000,1.402992485E+000,8.235470159E-004
       944,1.487316852E+000,2.665232974E+000,0.000000000E+000
       945,1.487509758E+000,2.749468647E+000,0.000000000E+000
       946,2.381748894E+000,2.238476480E+000,1.132291416E-007
       947,2.389667910E+000,2.322795619E+000,8.830067344E-008
       948,2.377249071E+000,2.146606145E+000,1.309966109E-007
       949,2.374834986E+000,2.051370078E+000,1.508475123E-007
       950,2.373655249E+000,1.954567303E+000,1.980699409E-007
       951,2.373260738E+000,1.857156340E+000,2.978704288E-007
       952,2.373496440E+000,1.759745868E+000,5.191540140E-007
       953,2.374434073E+000,1.662676513E+000,1.155019618E-006
       954,2.376336506E+000,1.565738119E+000,3.566557552E-006
       955,2.379565617E+000,1.467222776E+000,1.408556454E-005
       956,2.277774055E+000,1.364584534E+000,3.293353856E-008
       957,2.176636180E+000,1.367481505E+000,3.915319180E-009
       958,2.077278850E+000,1.369227291E+000,8.756936287E-010
       959,1.978092033E+000,1.370178697E+000,2.593208038E-013
       960,1.878728973E+000,1.370661019E+000,1.369249617E-015
       961,1.779185886E+000,1.370850969E+000,1.110852582E-015
       962,1.679492059E+000,1.370849083E+000,9.969963189E-016
       963,1.579660108E+000,1.370726455E+000,9.009729582E-016
       964,1.479699852E+000,1.370543808E+000,8.103179336E-016
       965,1.379632675E+000,1.370356284E+000,7.189744299E-016
       966,1.279498630E+000,1.370212946E+000,6.271592878E-016
       967,1.179359072E+000,1.370150619E+000,5.396623725E-016
       968,1.079295068E+000,1.370185418E+000,4.623401229E-016
       969,9.793972799E-001,1.370318887E+000,3.987106373E-016
       970,8.797538080E-001,1.370568846E+000,3.469412541E-016
       971,7.804516721E-001,1.371012037E+000,3.027208139E-016
       972,2.321747559E+000,1.165922453E+000,1.268690426E-006
       973,2.339770429E+000,1.099431403E+000,9.467740310E-004
       974,2.352282054E+000,1.013951584E+000,8.104815148E-003
       975,2.359870872E+000,9.208710326E-001,1.845224202E-002
       976,2.364392482E+000,8.246035792E-001,2.611126006E-002
       977,2.367511205E+000,7.269961980E-001,3.739409894E-002
       978,2.370586293E+000,6.290071222E-001,7.180330902E-002
       979,2.374834416E+000,5.310671872E-001,1.311496794E-001
       980,2.381438155E+000,4.325711982E-001,1.970649213E-001
       981,2.289437375E+000,3.172668596E-001,1.916456521E-001
       982,2.391365935E+000,3.317508368E-001,1.987848729E-001
       983,2.188468002E+000,3.073015983E-001,1.860285401E-001
       984,2.088209358E+000,3.005764717E-001,1.813227385E-001
       985,1.988195283E+000,2.964748684E-001,1.776270866E-001
       986,1.888194718E+000,2.941363652E-001,1.753738970E-001
       987,1.788103900E+000,2.928700397E-001,1.747961789E-001
       988,1.687867803E+000,2.922194866E-001,1.757189482E-001
       989,1.587443568E+000,2.919110647E-001,1.778401434E-001
       990,1.486788968E+000,2.917845636E-001,1.808073074E-001
       991,1.385842725E+000,2.916900265E-001,1.842015535E-001
       992,1.284528957E+000,2.913002321E-001,1.874794364E-001
       993,1.182805687E+000,2.899991913E-001,1.898372024E-001
       994,1.080586675E+000,2.867812550E-001,1.899602562E-001
       995,9.778130675E-001,2.799963871E-001,1.866403818E-001
       996,7.351817372E-001,3.427315498E-001,2.221583277E-001
       997,3.703209420E+000,2.951858261E-001,2.359315380E-002
       998,3.703972500E+000,3.939174239E-001,4.791003093E-002
       999,3.704518171E+000,4.928261291E-001,6.221343577E-002
      1000,3.704857704E+000,5.919370589E-001,4.813058674E-002
      1001,3.705051859E+000,6.912709182E-001,3.071341664E-002
      1002,3.705108315E+000,7.906663375E-001,1.754545234E-002
      1003,3.704950948E+000,8.898752676E-001,9.101028554E-003
      1004,3.704358060E+000,9.885708237E-001,4.134564195E-003
      1005,3.702787269E+000,1.086387515E+000,1.382473274E-003
      1006,3.698855305E+000,1.183224084E+000,2.903153072E-004
      1007,3.688770536E+000,1.280569545E+000,1.013498040E-004
      1008,3.660259787E+000,1.388485214E+000,9.607622633E-005
      1009,3.679583203E+000,1.511125798E+000,4.801313480E-005
      1010,3.689812649E+000,1.618391554E+000,2.599252730E-005
      1011,3.695766888E+000,1.720476082E+000,1.360146871E-005
      1012,3.699185450E+000,1.820095920E+000,6.581459729E-006
      1013,3.701110390E+000,1.918454156E+000,2.905469501E-006
      1014,3.702195961E+000,2.016199431E+000,1.167387268E-006
      1015,3.702829797E+000,2.113708901E+000,3.917477613E-007
      1016,3.703205745E+000,2.211211873E+000,9.924539768E-008
      1017,3.703377890E+000,2.308863227E+000,1.623243229E-008
      1018,3.703310651E+000,2.406788548E+000,7.478167530E-010
      1019,3.702930860E+000,2.505079697E+000,3.563105106E-012
      1020,3.702193250E+000,2.603694286E+000,7.261475275E-012
      1021,3.701124378E+000,2.702540365E+000,7.508260506E-012
      1022,3.522185687E-001,3.760543415E-001,2.923822407E-017
      1023,4.248285964E-001,3.210851542E-001,1.670584388E-017
      1024,3.250126882E-001,4.865023792E-001,1.993466366E-016
      1025,3.108457145E-001,5.875523018E-001,1.602607115E-016
      1026,3.027424988E-001,6.871426366E-001,3.359217898E-018
      1027,2.980480368E-001,7.866718627E-001,3.467990700E-018
      1028,2.953375249E-001,8.864306130E-001,7.084677352E-019
      1029,2.937756936E-001,9.862842550E-001,1.000538153E-019
      1030,2.928625667E-001,1.086017973E+000,4.402984819E-020
      1031,2.922785013E-001,1.185458030E+000,1.960179268E-020
      1032,2.917658003E-001,1.284539855E+000,6.855087267E-021
      1033,2.912308057E-001,1.383235830E+000,1.292769903E-021
      1034,2.892276950E+000,1.379979801E+000,2.471866086E-003
      1035,2.799638076E+000,1.389074309E+000,2.706315601E-003
      1036,2.985915669E+000,1.374833546E+000,1.940151909E-003
      1037,3.079426718E+000,1.371535484E+000,1.423123875E-003
      1038,3.172516840E+000,1.368759611E+000,1.006471110E-003
      1039,3.264896243E+000,1.365396674E+000,6.964381901E-004
      1040,3.355990053E+000,1.360662724E+000,4.746199120E-004
      1041,3.444479830E+000,1.353231856E+000,3.189659328E-004
      1042,3.526611836E+000,1.342046697E+000,2.122270089E-004
      1043,3.591512032E+000,1.326548514E+000,1.559535303E-004
      1044,2.816901447E+000,2.701903334E+000,2.429900725E-008
      1045,2.915477183E+000,2.702557008E+000,1.159970786E-008
      1046,3.013501107E+000,2.703004730E+000,5.272950521E-009
      1047,3.111221986E+000,2.703349935E+000,2.285606371E-009
      1048,3.208851189E+000,2.703617310E+000,9.518293931E-010
      1049,3.306581934E+000,2.703781997E+000,3.835330109E-010
      1050,3.404595768E+000,2.703794982E+000,1.500817526E-010
      1051,3.503036562E+000,2.703603852E+000,5.701422320E-011
      1052,3.601902775E+000,2.703175106E+000,2.100000382E-011
      1053,2.712889445E+000,1.406629959E+000,1.702704583E-003
      1054,2.652843352E+000,1.438113128E+000,7.387961377E-004
      1055,3.604431414E+000,2.934803666E-001,3.539560735E-002
      1056,3.505892658E+000,2.918999631E-001,4.949913546E-002
      1057,3.407738712E+000,2.905978157E-001,6.520143896E-002
      1058,3.310089156E+000,2.897171318E-001,8.169060946E-002
      1059,3.212896529E+000,2.892484363E-001,9.830690920E-002
      1060,3.116115433E+000,2.891878543E-001,1.144046187E-001
      1061,3.019808866E+000,2.895966374E-001,1.291513741E-001
      1062,2.924272061E+000,2.906455143E-001,1.417195201E-001
      1063,2.830244733E+000,2.926969551E-001,1.514983028E-001
      1064,2.739430261E+000,2.964756249E-001,1.588881761E-001
      1065,2.656067959E+000,3.033353699E-001,1.657546014E-001
      1066,2.590781366E+000,3.151180298E-001,1.720279604E-001
      1067,2.906860720E-001,1.481518436E+000,9.495244193E-023
      1068,2.902501804E-001,1.579427380E+000,2.495644304E-025
      1069,2.900557859E-001,1.676934975E+000,5.390431877E-028
      1070,2.902204317E-001,1.774057460E+000,1.566450667E-028
      1071,2.908091261E-001,1.870800753E+000,2.735658178E-031
      1072,2.919524028E-001,1.967088524E+000,2.756640598E-033
      1073,2.939496934E-001,2.062683198E+000,3.869293480E-035
      1074,2.972306992E-001,2.157027398E+000,1.305316246E-037
      1075,3.028167157E-001,2.248766791E+000,1.309411120E-039
      1076,3.121439121E-001,2.333976082E+000,7.104583214E-042
      1077,3.266608038E-001,2.401759928E+000,8.547920632E-044
      1078,8.034606816E-001,2.731369798E+000,0.000000000E+000
      1079,9.054178831E-001,2.703496421E+000,0.000000000E+000
      1080,1.000013978E+000,2.688011043E+000,0.000000000E+000
      1081,1.094832730E+000,2.679111044E+000,0.000000000E+000
      1082,1.191645529E+000,2.673231702E+000,0.000000000E+000
      1083,1.289962150E+000,2.669751778E+000,0.000000000E+000
      1084,1.388473051E+000,2.667054101E+000,0.000000000E+000
      1085,2.402621809E+000,2.388277897E+000,6.829402821E-008
      1086,1.388926423E+000,2.751269272E+000,0.000000000E+000
      1087,1.290656942E+000,2.753773258E+000,0.000000000E+000
      1088,1.193556598E+000,2.757270472E+000,0.000000000E+000
      1089,1.099222243E+000,2.762375156E+000,0.000000000E+000
      1090,1.009769047E+000,2.770890951E+000,0.000000000E+000
      1091,2.211310989E-001,3.872866679E-001,0.000000000E+000
